   -5.00000000     0.77107376     2.60662643
   -4.99000000     0.74348093     2.60898352
   -4.98000000     0.71592108     2.61106041
   -4.97000000     0.68839695     2.61285801
   -4.96000000     0.66091124     2.61437723
   -4.95000000     0.63346665     2.61561904
   -4.94000000     0.60606588     2.61658442
   -4.93000000     0.57871159     2.61727436
   -4.92000000     0.55140643     2.61768990
   -4.91000000     0.52415304     2.61783209
   -4.90000000     0.49695405     2.61770200
   -4.89000000     0.46981205     2.61730073
   -4.88000000     0.44272964     2.61662941
   -4.87000000     0.41570940     2.61568919
   -4.86000000     0.38875387     2.61448124
   -4.85000000     0.36186560     2.61300675
   -4.84000000     0.33504711     2.61126693
   -4.83000000     0.30830091     2.60926304
   -4.82000000     0.28162947     2.60699632
   -4.81000000     0.25503528     2.60446807
   -4.80000000     0.22852079     2.60167960
   -4.79000000     0.20208842     2.59863222
   -4.78000000     0.17574059     2.59532729
   -4.77000000     0.14947970     2.59176618
   -4.76000000     0.12330814     2.58795029
   -4.75000000     0.09722825     2.58388102
   -4.74000000     0.07124238     2.57955981
   -4.73000000     0.04535285     2.57498811
   -4.72000000     0.01956197     2.57016741
   -4.71000000    -0.00612798     2.56509918
   -4.70000000    -0.03171475     2.55978496
   -4.69000000    -0.05719608     2.55422626
   -4.68000000    -0.08256975     2.54842465
   -4.67000000    -0.10783356     2.54238170
   -4.66000000    -0.13298533     2.53609899
   -4.65000000    -0.15802288     2.52957813
   -4.64000000    -0.18294409     2.52282076
   -4.63000000    -0.20774682     2.51582852
   -4.62000000    -0.23242897     2.50860307
   -4.61000000    -0.25698847     2.50114609
   -4.60000000    -0.28142326     2.49345929
   -4.59000000    -0.30573129     2.48554437
   -4.58000000    -0.32991055     2.47740306
   -4.57000000    -0.35395905     2.46903713
   -4.56000000    -0.37787480     2.46044832
   -4.55000000    -0.40165587     2.45163843
   -4.54000000    -0.42530031     2.44260925
   -4.53000000    -0.44880622     2.43336260
   -4.52000000    -0.47217171     2.42390029
   -4.51000000    -0.49539492     2.41422418
   -4.50000000    -0.51847400     2.40433612
   -4.49000000    -0.54140714     2.39423798
   -4.48000000    -0.56419254     2.38393166
   -4.47000000    -0.58682842     2.37341904
   -4.46000000    -0.60931303     2.36270205
   -4.45000000    -0.63164463     2.35178262
   -4.44000000    -0.65382153     2.34066268
   -4.43000000    -0.67584204     2.32934419
   -4.42000000    -0.69770450     2.31782912
   -4.41000000    -0.71940727     2.30611944
   -4.40000000    -0.74094873     2.29421716
   -4.39000000    -0.76232729     2.28212427
   -4.38000000    -0.78354138     2.26984279
   -4.37000000    -0.80458947     2.25737475
   -4.36000000    -0.82547002     2.24472218
   -4.35000000    -0.84618154     2.23188715
   -4.34000000    -0.86672255     2.21887169
   -4.33000000    -0.88709160     2.20567790
   -4.32000000    -0.90728727     2.19230785
   -4.31000000    -0.92730814     2.17876362
   -4.30000000    -0.94715285     2.16504733
   -4.29000000    -0.96682003     2.15116108
   -4.28000000    -0.98630835     2.13710699
   -4.27000000    -1.00561650     2.12288720
   -4.26000000    -1.02474320     2.10850383
   -4.25000000    -1.04368719     2.09395903
   -4.24000000    -1.06244723     2.07925497
   -4.23000000    -1.08102210     2.06439379
   -4.22000000    -1.09941062     2.04937768
   -4.21000000    -1.11761163     2.03420880
   -4.20000000    -1.13562398     2.01888934
   -4.19000000    -1.15344655     2.00342149
   -4.18000000    -1.17107826     1.98780745
   -4.17000000    -1.18851804     1.97204943
   -4.16000000    -1.20576483     1.95614963
   -4.15000000    -1.22281763     1.94011028
   -4.14000000    -1.23967544     1.92393358
   -4.13000000    -1.25633728     1.90762178
   -4.12000000    -1.27280221     1.89117709
   -4.11000000    -1.28906931     1.87460177
   -4.10000000    -1.30513768     1.85789805
   -4.09000000    -1.32100644     1.84106817
   -4.08000000    -1.33667474     1.82411440
   -4.07000000    -1.35214175     1.80703897
   -4.06000000    -1.36740668     1.78984416
   -4.05000000    -1.38246875     1.77253222
   -4.04000000    -1.39732721     1.75510541
   -4.03000000    -1.41198131     1.73756601
   -4.02000000    -1.42643037     1.71991628
   -4.01000000    -1.44067370     1.70215849
   -4.00000000    -1.45471063     1.68429493
   -3.99000000    -1.46854054     1.66632786
   -3.98000000    -1.48216283     1.64825957
   -3.97000000    -1.49557689     1.63009232
   -3.96000000    -1.50878218     1.61182842
   -3.95000000    -1.52177816     1.59347013
   -3.94000000    -1.53456431     1.57501974
   -3.93000000    -1.54714014     1.55647952
   -3.92000000    -1.55950518     1.53785178
   -3.91000000    -1.57165901     1.51913877
   -3.90000000    -1.58360119     1.50034280
   -3.89000000    -1.59533133     1.48146614
   -3.88000000    -1.60684907     1.46251107
   -3.87000000    -1.61815404     1.44347987
   -3.86000000    -1.62924594     1.42437483
   -3.85000000    -1.64012446     1.40519821
   -3.84000000    -1.65078932     1.38595231
   -3.83000000    -1.66124027     1.36663938
   -3.82000000    -1.67147707     1.34726170
   -3.81000000    -1.68149953     1.32782154
   -3.80000000    -1.69130745     1.30832118
   -3.79000000    -1.70090067     1.28876287
   -3.78000000    -1.71027906     1.26914887
   -3.77000000    -1.71944250     1.24948144
   -3.76000000    -1.72839089     1.22976284
   -3.75000000    -1.73712417     1.20999532
   -3.74000000    -1.74564229     1.19018113
   -3.73000000    -1.75394522     1.17032250
   -3.72000000    -1.76203296     1.15042168
   -3.71000000    -1.76990553     1.13048090
   -3.70000000    -1.77756298     1.11050238
   -3.69000000    -1.78500535     1.09048837
   -3.68000000    -1.79223275     1.07044106
   -3.67000000    -1.79924528     1.05036268
   -3.66000000    -1.80604307     1.03025544
   -3.65000000    -1.81262628     1.01012153
   -3.64000000    -1.81899506     0.98996316
   -3.63000000    -1.82514963     0.96978251
   -3.62000000    -1.83109019     0.94958176
   -3.61000000    -1.83681698     0.92936310
   -3.60000000    -1.84233027     0.90912870
   -3.59000000    -1.84763033     0.88888070
   -3.58000000    -1.85271747     0.86862128
   -3.57000000    -1.85759200     0.84835258
   -3.56000000    -1.86225427     0.82807674
   -3.55000000    -1.86670464     0.80779590
   -3.54000000    -1.87094350     0.78751218
   -3.53000000    -1.87497125     0.76722769
   -3.52000000    -1.87878831     0.74694454
   -3.51000000    -1.88239514     0.72666484
   -3.50000000    -1.88579219     0.70639067
   -3.49000000    -1.88897995     0.68612413
   -3.48000000    -1.89195892     0.66586727
   -3.47000000    -1.89472964     0.64562217
   -3.46000000    -1.89729263     0.62539087
   -3.45000000    -1.89964847     0.60517543
   -3.44000000    -1.90179774     0.58497788
   -3.43000000    -1.90374105     0.56480024
   -3.42000000    -1.90547900     0.54464452
   -3.41000000    -1.90701224     0.52451274
   -3.40000000    -1.90834142     0.50440689
   -3.39000000    -1.90946724     0.48432895
   -3.38000000    -1.91039037     0.46428089
   -3.37000000    -1.91111153     0.44426467
   -3.36000000    -1.91163146     0.42428225
   -3.35000000    -1.91195091     0.40433555
   -3.34000000    -1.91207063     0.38442653
   -3.33000000    -1.91199142     0.36455707
   -3.32000000    -1.91171407     0.34472910
   -3.31000000    -1.91123942     0.32494450
   -3.30000000    -1.91056829     0.30520516
   -3.29000000    -1.90970154     0.28551294
   -3.28000000    -1.90864003     0.26586969
   -3.27000000    -1.90738467     0.24627727
   -3.26000000    -1.90593635     0.22673750
   -3.25000000    -1.90429598     0.20725220
   -3.24000000    -1.90246452     0.18782317
   -3.23000000    -1.90044291     0.16845221
   -3.22000000    -1.89823212     0.14914109
   -3.21000000    -1.89583313     0.12989159
   -3.20000000    -1.89324695     0.11070545
   -3.19000000    -1.89047460     0.09158441
   -3.18000000    -1.88751709     0.07253019
   -3.17000000    -1.88437548     0.05354451
   -3.16000000    -1.88105083     0.03462907
   -3.15000000    -1.87754422     0.01578554
   -3.14000000    -1.87385673    -0.00298441
   -3.13000000    -1.86998948    -0.02167911
   -3.12000000    -1.86594357    -0.04029694
   -3.11000000    -1.86172014    -0.05883626
   -3.10000000    -1.85732035    -0.07729546
   -3.09000000    -1.85274534    -0.09567295
   -3.08000000    -1.84799630    -0.11396715
   -3.07000000    -1.84307441    -0.13217649
   -3.06000000    -1.83798088    -0.15029942
   -3.05000000    -1.83271691    -0.16833440
   -3.04000000    -1.82728373    -0.18627991
   -3.03000000    -1.82168259    -0.20413446
   -3.02000000    -1.81591473    -0.22189653
   -3.01000000    -1.80998142    -0.23956467
   -3.00000000    -1.80388394    -0.25713742
   -2.99000000    -1.79762357    -0.27461333
   -2.98000000    -1.79120161    -0.29199096
   -2.97000000    -1.78461938    -0.30926893
   -2.96000000    -1.77787820    -0.32644581
   -2.95000000    -1.77097940    -0.34352025
   -2.94000000    -1.76392433    -0.36049087
   -2.93000000    -1.75671434    -0.37735633
   -2.92000000    -1.74935080    -0.39411529
   -2.91000000    -1.74183509    -0.41076645
   -2.90000000    -1.73416860    -0.42730850
   -2.89000000    -1.72635272    -0.44374016
   -2.88000000    -1.71838885    -0.46006017
   -2.87000000    -1.71027843    -0.47626728
   -2.86000000    -1.70202287    -0.49236026
   -2.85000000    -1.69362361    -0.50833790
   -2.84000000    -1.68508210    -0.52419899
   -2.83000000    -1.67639979    -0.53994235
   -2.82000000    -1.66757815    -0.55556683
   -2.81000000    -1.65861864    -0.57107127
   -2.80000000    -1.64952274    -0.58645454
   -2.79000000    -1.64029195    -0.60171554
   -2.78000000    -1.63092776    -0.61685316
   -2.77000000    -1.62143168    -0.63186632
   -2.76000000    -1.61180521    -0.64675397
   -2.75000000    -1.60204989    -0.66151507
   -2.74000000    -1.59216722    -0.67614857
   -2.73000000    -1.58215876    -0.69065348
   -2.72000000    -1.57202603    -0.70502881
   -2.71000000    -1.56177060    -0.71927357
   -2.70000000    -1.55139400    -0.73338681
   -2.69000000    -1.54089781    -0.74736759
   -2.68000000    -1.53028358    -0.76121499
   -2.67000000    -1.51955290    -0.77492810
   -2.66000000    -1.50870733    -0.78850604
   -2.65000000    -1.49774848    -0.80194794
   -2.64000000    -1.48667791    -0.81525294
   -2.63000000    -1.47549724    -0.82842021
   -2.62000000    -1.46420805    -0.84144893
   -2.61000000    -1.45281196    -0.85433831
   -2.60000000    -1.44131058    -0.86708756
   -2.59000000    -1.42970551    -0.87969592
   -2.58000000    -1.41799838    -0.89216264
   -2.57000000    -1.40619080    -0.90448700
   -2.56000000    -1.39428442    -0.91666828
   -2.55000000    -1.38228084    -0.92870578
   -2.54000000    -1.37018172    -0.94059885
   -2.53000000    -1.35798869    -0.95234681
   -2.52000000    -1.34570338    -0.96394902
   -2.51000000    -1.33332744    -0.97540487
   -2.50000000    -1.32086252    -0.98671375
   -2.49000000    -1.30831027    -0.99787508
   -2.48000000    -1.29567233    -1.00888827
   -2.47000000    -1.28295036    -1.01975279
   -2.46000000    -1.27014602    -1.03046809
   -2.45000000    -1.25726097    -1.04103367
   -2.44000000    -1.24429686    -1.05144901
   -2.43000000    -1.23125536    -1.06171365
   -2.42000000    -1.21813812    -1.07182712
   -2.41000000    -1.20494682    -1.08178896
   -2.40000000    -1.19168311    -1.09159876
   -2.39000000    -1.17834866    -1.10125609
   -2.38000000    -1.16494515    -1.11076058
   -2.37000000    -1.15147423    -1.12011183
   -2.36000000    -1.13793757    -1.12930950
   -2.35000000    -1.12433684    -1.13835323
   -2.34000000    -1.11067371    -1.14724272
   -2.33000000    -1.09694985    -1.15597764
   -2.32000000    -1.08316692    -1.16455771
   -2.31000000    -1.06932658    -1.17298266
   -2.30000000    -1.05543051    -1.18125223
   -2.29000000    -1.04148037    -1.18936618
   -2.28000000    -1.02747782    -1.19732430
   -2.27000000    -1.01342453    -1.20512638
   -2.26000000    -0.99932215    -1.21277222
   -2.25000000    -0.98517235    -1.22026168
   -2.24000000    -0.97097678    -1.22759458
   -2.23000000    -0.95673710    -1.23477079
   -2.22000000    -0.94245497    -1.24179020
   -2.21000000    -0.92813203    -1.24865270
   -2.20000000    -0.91376993    -1.25535820
   -2.19000000    -0.89937033    -1.26190664
   -2.18000000    -0.88493487    -1.26829797
   -2.17000000    -0.87046518    -1.27453214
   -2.16000000    -0.85596291    -1.28060914
   -2.15000000    -0.84142969    -1.28652896
   -2.14000000    -0.82686715    -1.29229162
   -2.13000000    -0.81227693    -1.29789715
   -2.12000000    -0.79766064    -1.30334559
   -2.11000000    -0.78301992    -1.30863701
   -2.10000000    -0.76835636    -1.31377147
   -2.09000000    -0.75367160    -1.31874908
   -2.08000000    -0.73896723    -1.32356995
   -2.07000000    -0.72424486    -1.32823419
   -2.06000000    -0.70950610    -1.33274196
   -2.05000000    -0.69475253    -1.33709340
   -2.04000000    -0.67998575    -1.34128869
   -2.03000000    -0.66520734    -1.34532802
   -2.02000000    -0.65041889    -1.34921160
   -2.01000000    -0.63562196    -1.35293963
   -2.00000000    -0.62081813    -1.35651236
   -1.99000000    -0.60600896    -1.35993003
   -1.98000000    -0.59119601    -1.36319291
   -1.97000000    -0.57638083    -1.36630127
   -1.96000000    -0.56156498    -1.36925542
   -1.95000000    -0.54674998    -1.37205566
   -1.94000000    -0.53193737    -1.37470231
   -1.93000000    -0.51712869    -1.37719571
   -1.92000000    -0.50232545    -1.37953622
   -1.91000000    -0.48752917    -1.38172420
   -1.90000000    -0.47274135    -1.38376004
   -1.89000000    -0.45796350    -1.38564412
   -1.88000000    -0.44319711    -1.38737687
   -1.87000000    -0.42844367    -1.38895870
   -1.86000000    -0.41370466    -1.39039005
   -1.85000000    -0.39898154    -1.39167139
   -1.84000000    -0.38427579    -1.39280316
   -1.83000000    -0.36958886    -1.39378585
   -1.82000000    -0.35492220    -1.39461996
   -1.81000000    -0.34027725    -1.39530599
   -1.80000000    -0.32565545    -1.39584445
   -1.79000000    -0.31105821    -1.39623590
   -1.78000000    -0.29648697    -1.39648086
   -1.77000000    -0.28194311    -1.39657990
   -1.76000000    -0.26742806    -1.39653360
   -1.75000000    -0.25294319    -1.39634253
   -1.74000000    -0.23848990    -1.39600729
   -1.73000000    -0.22406954    -1.39552850
   -1.72000000    -0.20968350    -1.39490678
   -1.71000000    -0.19533313    -1.39414276
   -1.70000000    -0.18101976    -1.39323709
   -1.69000000    -0.16674475    -1.39219043
   -1.68000000    -0.15250942    -1.39100345
   -1.67000000    -0.13831508    -1.38967683
   -1.66000000    -0.12416305    -1.38821127
   -1.65000000    -0.11005463    -1.38660748
   -1.64000000    -0.09599111    -1.38486618
   -1.63000000    -0.08197377    -1.38298809
   -1.62000000    -0.06800388    -1.38097395
   -1.61000000    -0.05408270    -1.37882452
   -1.60000000    -0.04021147    -1.37654056
   -1.59000000    -0.02639145    -1.37412285
   -1.58000000    -0.01262386    -1.37157216
   -1.57000000     0.00109008    -1.36888930
   -1.56000000     0.01474917    -1.36607507
   -1.55000000     0.02835219    -1.36313029
   -1.54000000     0.04189797    -1.36005579
   -1.53000000     0.05538532    -1.35685239
   -1.52000000     0.06881309    -1.35352095
   -1.51000000     0.08218011    -1.35006233
   -1.50000000     0.09548523    -1.34647739
   -1.49000000     0.10872734    -1.34276701
   -1.48000000     0.12190529    -1.33893208
   -1.47000000     0.13501799    -1.33497348
   -1.46000000     0.14806433    -1.33089212
   -1.45000000     0.16104321    -1.32668893
   -1.44000000     0.17395357    -1.32236481
   -1.43000000     0.18679434    -1.31792071
   -1.42000000     0.19956446    -1.31335756
   -1.41000000     0.21226289    -1.30867631
   -1.40000000     0.22488859    -1.30387792
   -1.39000000     0.23744056    -1.29896335
   -1.38000000     0.24991776    -1.29393358
   -1.37000000     0.26231923    -1.28878959
   -1.36000000     0.27464395    -1.28353237
   -1.35000000     0.28689097    -1.27816291
   -1.34000000     0.29905933    -1.27268223
   -1.33000000     0.31114807    -1.26709134
   -1.32000000     0.32315625    -1.26139125
   -1.31000000     0.33508296    -1.25558299
   -1.30000000     0.34692728    -1.24966760
   -1.29000000     0.35868831    -1.24364612
   -1.28000000     0.37036515    -1.23751960
   -1.27000000     0.38195695    -1.23128909
   -1.26000000     0.39346282    -1.22495566
   -1.25000000     0.40488193    -1.21852037
   -1.24000000     0.41621342    -1.21198430
   -1.23000000     0.42745649    -1.20534853
   -1.22000000     0.43861030    -1.19861414
   -1.21000000     0.44967406    -1.19178223
   -1.20000000     0.46064699    -1.18485390
   -1.19000000     0.47152830    -1.17783024
   -1.18000000     0.48231723    -1.17071238
   -1.17000000     0.49301303    -1.16350142
   -1.16000000     0.50361496    -1.15619849
   -1.15000000     0.51412230    -1.14880470
   -1.14000000     0.52453433    -1.14132120
   -1.13000000     0.53485035    -1.13374911
   -1.12000000     0.54506968    -1.12608958
   -1.11000000     0.55519164    -1.11834374
   -1.10000000     0.56521557    -1.11051275
   -1.09000000     0.57514082    -1.10259776
   -1.08000000     0.58496675    -1.09459993
   -1.07000000     0.59469275    -1.08652042
   -1.06000000     0.60431819    -1.07836038
   -1.05000000     0.61384249    -1.07012100
   -1.04000000     0.62326505    -1.06180344
   -1.03000000     0.63258531    -1.05340888
   -1.02000000     0.64180270    -1.04493849
   -1.01000000     0.65091668    -1.03639347
   -1.00000000     0.65992673    -1.02777498
   -0.99000000     0.66883231    -1.01908423
   -0.98000000     0.67763292    -1.01032240
   -0.97000000     0.68632806    -1.00149068
   -0.96000000     0.69491726    -0.99259027
   -0.95000000     0.70340004    -0.98362237
   -0.94000000     0.71177596    -0.97458818
   -0.93000000     0.72004456    -0.96548890
   -0.92000000     0.72820541    -0.95632574
   -0.91000000     0.73625811    -0.94709989
   -0.90000000     0.74420225    -0.93781258
   -0.89000000     0.75203743    -0.92846500
   -0.88000000     0.75976327    -0.91905837
   -0.87000000     0.76737942    -0.90959391
   -0.86000000     0.77488552    -0.90007281
   -0.85000000     0.78228122    -0.89049631
   -0.84000000     0.78956621    -0.88086561
   -0.83000000     0.79674017    -0.87118193
   -0.82000000     0.80380279    -0.86144648
   -0.81000000     0.81075379    -0.85166049
   -0.80000000     0.81759290    -0.84182517
   -0.79000000     0.82431984    -0.83194174
   -0.78000000     0.83093437    -0.82201141
   -0.77000000     0.83743625    -0.81203541
   -0.76000000     0.84382526    -0.80201495
   -0.75000000     0.85010118    -0.79195125
   -0.74000000     0.85626382    -0.78184553
   -0.73000000     0.86231298    -0.77169900
   -0.72000000     0.86824849    -0.76151288
   -0.71000000     0.87407019    -0.75128838
   -0.70000000     0.87977793    -0.74102673
   -0.69000000     0.88537157    -0.73072912
   -0.68000000     0.89085098    -0.72039678
   -0.67000000     0.89621606    -0.71003092
   -0.66000000     0.90146671    -0.69963274
   -0.65000000     0.90660283    -0.68920346
   -0.64000000     0.91162434    -0.67874427
   -0.63000000     0.91653119    -0.66825639
   -0.62000000     0.92132333    -0.65774102
   -0.61000000     0.92600071    -0.64719936
   -0.60000000     0.93056331    -0.63663261
   -0.59000000     0.93501111    -0.62604196
   -0.58000000     0.93934410    -0.61542862
   -0.57000000     0.94356231    -0.60479377
   -0.56000000     0.94766574    -0.59413859
   -0.55000000     0.95165443    -0.58346429
   -0.54000000     0.95552842    -0.57277204
   -0.53000000     0.95928778    -0.56206303
   -0.52000000     0.96293256    -0.55133843
   -0.51000000     0.96646284    -0.54059941
   -0.50000000     0.96987873    -0.52984716
   -0.49000000     0.97318031    -0.51908284
   -0.48000000     0.97636770    -0.50830761
   -0.47000000     0.97944103    -0.49752264
   -0.46000000     0.98240044    -0.48672909
   -0.45000000     0.98524606    -0.47592810
   -0.44000000     0.98797807    -0.46512084
   -0.43000000     0.99059663    -0.45430844
   -0.42000000     0.99310191    -0.44349205
   -0.41000000     0.99549413    -0.43267281
   -0.40000000     0.99777346    -0.42185185
   -0.39000000     0.99994014    -0.41103031
   -0.38000000     1.00199439    -0.40020930
   -0.37000000     1.00393643    -0.38938996
   -0.36000000     1.00576652    -0.37857339
   -0.35000000     1.00748492    -0.36776070
   -0.34000000     1.00909189    -0.35695301
   -0.33000000     1.01058771    -0.34615142
   -0.32000000     1.01197266    -0.33535702
   -0.31000000     1.01324706    -0.32457090
   -0.30000000     1.01441120    -0.31379416
   -0.29000000     1.01546540    -0.30302786
   -0.28000000     1.01641001    -0.29227309
   -0.27000000     1.01724534    -0.28153092
   -0.26000000     1.01797176    -0.27080242
   -0.25000000     1.01858962    -0.26008863
   -0.24000000     1.01909930    -0.24939062
   -0.23000000     1.01950117    -0.23870943
   -0.22000000     1.01979561    -0.22804611
   -0.21000000     1.01998304    -0.21740168
   -0.20000000     1.02006385    -0.20677718
   -0.19000000     1.02003847    -0.19617363
   -0.18000000     1.01990732    -0.18559205
   -0.17000000     1.01967083    -0.17503345
   -0.16000000     1.01932945    -0.16449884
   -0.15000000     1.01888364    -0.15398920
   -0.14000000     1.01833386    -0.14350554
   -0.13000000     1.01768057    -0.13304883
   -0.12000000     1.01692427    -0.12262005
   -0.11000000     1.01606544    -0.11222019
   -0.10000000     1.01510458    -0.10185019
   -0.09000000     1.01404220    -0.09151101
   -0.08000000     1.01287881    -0.08120361
   -0.07000000     1.01161493    -0.07092893
   -0.06000000     1.01025111    -0.06068791
   -0.05000000     1.00878787    -0.05048147
   -0.04000000     1.00722577    -0.04031053
   -0.03000000     1.00556536    -0.03017601
   -0.02000000     1.00380722    -0.02007882
   -0.01000000     1.00195190    -0.01001985
    0.00000000     1.00000000     0.00000000
    0.01000000     0.99795210     0.00997985
    0.02000000     0.99580879     0.01991883
    0.03000000     0.99357069     0.02981607
    0.04000000     0.99123840     0.03967070
    0.05000000     0.98881253     0.04948187
    0.06000000     0.98629372     0.05924874
    0.07000000     0.98368259     0.06897047
    0.08000000     0.98097979     0.07864623
    0.09000000     0.97818596     0.08827521
    0.10000000     0.97530176     0.09785658
    0.11000000     0.97232785     0.10738955
    0.12000000     0.96926488     0.11687332
    0.13000000     0.96611355     0.12630709
    0.14000000     0.96287452     0.13569010
    0.15000000     0.95954848     0.14502157
    0.16000000     0.95613612     0.15430073
    0.17000000     0.95263815     0.16352684
    0.18000000     0.94905527     0.17269914
    0.19000000     0.94538819     0.18181690
    0.20000000     0.94163762     0.19087939
    0.21000000     0.93780429     0.19988590
    0.22000000     0.93388893     0.20883570
    0.23000000     0.92989226     0.21772810
    0.24000000     0.92581504     0.22656240
    0.25000000     0.92165801     0.23533793
    0.26000000     0.91742190     0.24405399
    0.27000000     0.91310749     0.25270993
    0.28000000     0.90871553     0.26130508
    0.29000000     0.90424678     0.26983880
    0.30000000     0.89970202     0.27831045
    0.31000000     0.89508202     0.28671939
    0.32000000     0.89038757     0.29506501
    0.33000000     0.88561944     0.30334668
    0.34000000     0.88077842     0.31156381
    0.35000000     0.87586531     0.31971580
    0.36000000     0.87088091     0.32780206
    0.37000000     0.86582602     0.33582202
    0.38000000     0.86070143     0.34377510
    0.39000000     0.85550798     0.35166076
    0.40000000     0.85024646     0.35947844
    0.41000000     0.84491770     0.36722760
    0.42000000     0.83952251     0.37490771
    0.43000000     0.83406173     0.38251824
    0.44000000     0.82853618     0.39005870
    0.45000000     0.82294669     0.39752857
    0.46000000     0.81729410     0.40492735
    0.47000000     0.81157924     0.41225458
    0.48000000     0.80580297     0.41950976
    0.49000000     0.79996612     0.42669245
    0.50000000     0.79406954     0.43380217
    0.51000000     0.78811408     0.44083848
    0.52000000     0.78210060     0.44780095
    0.53000000     0.77602995     0.45468915
    0.54000000     0.76990298     0.46150265
    0.55000000     0.76372057     0.46824106
    0.56000000     0.75748357     0.47490397
    0.57000000     0.75119284     0.48149099
    0.58000000     0.74484926     0.48800174
    0.59000000     0.73845370     0.49443584
    0.60000000     0.73200702     0.50079295
    0.61000000     0.72551011     0.50707270
    0.62000000     0.71896382     0.51327475
    0.63000000     0.71236905     0.51939877
    0.64000000     0.70572666     0.52544443
    0.65000000     0.69903755     0.53141142
    0.66000000     0.69230258     0.53729943
    0.67000000     0.68552264     0.54310817
    0.68000000     0.67869862     0.54883736
    0.69000000     0.67183139     0.55448671
    0.70000000     0.66492185     0.56005595
    0.71000000     0.65797088     0.56554484
    0.72000000     0.65097937     0.57095311
    0.73000000     0.64394820     0.57628053
    0.74000000     0.63687826     0.58152688
    0.75000000     0.62977045     0.58669192
    0.76000000     0.62262564     0.59177545
    0.77000000     0.61544473     0.59677726
    0.78000000     0.60822861     0.60169717
    0.79000000     0.60097817     0.60653499
    0.80000000     0.59369430     0.61129054
    0.81000000     0.58637788     0.61596366
    0.82000000     0.57902981     0.62055419
    0.83000000     0.57165097     0.62506199
    0.84000000     0.56424226     0.62948692
    0.85000000     0.55680456     0.63382885
    0.86000000     0.54933876     0.63808765
    0.87000000     0.54184575     0.64226323
    0.88000000     0.53432641     0.64635548
    0.89000000     0.52678163     0.65036431
    0.90000000     0.51921229     0.65428963
    0.91000000     0.51161928     0.65813138
    0.92000000     0.50400348     0.66188947
    0.93000000     0.49636577     0.66556387
    0.94000000     0.48870703     0.66915452
    0.95000000     0.48102814     0.67266138
    0.96000000     0.47332998     0.67608443
    0.97000000     0.46561343     0.67942364
    0.98000000     0.45787935     0.68267900
    0.99000000     0.45012862     0.68585051
    1.00000000     0.44236211     0.68893817
    1.01000000     0.43458070     0.69194201
    1.02000000     0.42678524     0.69486203
    1.03000000     0.41897660     0.69769827
    1.04000000     0.41115566     0.70045078
    1.05000000     0.40332325     0.70311960
    1.06000000     0.39548026     0.70570479
    1.07000000     0.38762752     0.70820641
    1.08000000     0.37976590     0.71062454
    1.09000000     0.37189625     0.71295926
    1.10000000     0.36401941     0.71521066
    1.11000000     0.35613624     0.71737884
    1.12000000     0.34824757     0.71946391
    1.13000000     0.34035425     0.72146597
    1.14000000     0.33245712     0.72338517
    1.15000000     0.32455700     0.72522162
    1.16000000     0.31665473     0.72697547
    1.17000000     0.30875115     0.72864687
    1.18000000     0.30084706     0.73023596
    1.19000000     0.29294331     0.73174292
    1.20000000     0.28504071     0.73316791
    1.21000000     0.27714006     0.73451112
    1.22000000     0.26924219     0.73577273
    1.23000000     0.26134791     0.73695294
    1.24000000     0.25345801     0.73805195
    1.25000000     0.24557330     0.73906996
    1.26000000     0.23769458     0.74000721
    1.27000000     0.22982264     0.74086390
    1.28000000     0.22195828     0.74164028
    1.29000000     0.21410227     0.74233659
    1.30000000     0.20625540     0.74295307
    1.31000000     0.19841844     0.74348997
    1.32000000     0.19059218     0.74394756
    1.33000000     0.18277738     0.74432612
    1.34000000     0.17497480     0.74462590
    1.35000000     0.16718521     0.74484720
    1.36000000     0.15940937     0.74499031
    1.37000000     0.15164802     0.74505553
    1.38000000     0.14390191     0.74504315
    1.39000000     0.13617180     0.74495350
    1.40000000     0.12845840     0.74478688
    1.41000000     0.12076247     0.74454363
    1.42000000     0.11308472     0.74422407
    1.43000000     0.10542589     0.74382854
    1.44000000     0.09778669     0.74335739
    1.45000000     0.09016783     0.74281096
    1.46000000     0.08257003     0.74218962
    1.47000000     0.07499399     0.74149373
    1.48000000     0.06744041     0.74072365
    1.49000000     0.05990999     0.73987977
    1.50000000     0.05240341     0.73896246
    1.51000000     0.04492135     0.73797212
    1.52000000     0.03746451     0.73690913
    1.53000000     0.03003354     0.73577391
    1.54000000     0.02262911     0.73456684
    1.55000000     0.01525190     0.73328836
    1.56000000     0.00790256     0.73193887
    1.57000000     0.00058173     0.73051880
    1.58000000    -0.00670993     0.72902857
    1.59000000    -0.01397179     0.72746863
    1.60000000    -0.02120321     0.72583941
    1.61000000    -0.02840355     0.72414136
    1.62000000    -0.03557221     0.72237492
    1.63000000    -0.04270856     0.72054057
    1.64000000    -0.04981199     0.71863875
    1.65000000    -0.05688188     0.71666993
    1.66000000    -0.06391766     0.71463459
    1.67000000    -0.07091871     0.71253320
    1.68000000    -0.07788445     0.71036624
    1.69000000    -0.08481430     0.70813421
    1.70000000    -0.09170769     0.70583758
    1.71000000    -0.09856403     0.70347687
    1.72000000    -0.10538278     0.70105256
    1.73000000    -0.11216337     0.69856517
    1.74000000    -0.11890525     0.69601520
    1.75000000    -0.12560787     0.69340318
    1.76000000    -0.13227070     0.69072961
    1.77000000    -0.13889321     0.68799502
    1.78000000    -0.14547486     0.68519994
    1.79000000    -0.15201513     0.68234490
    1.80000000    -0.15851352     0.67943044
    1.81000000    -0.16496952     0.67645709
    1.82000000    -0.17138262     0.67342540
    1.83000000    -0.17775233     0.67033592
    1.84000000    -0.18407817     0.66718919
    1.85000000    -0.19035964     0.66398578
    1.86000000    -0.19659629     0.66072625
    1.87000000    -0.20278763     0.65741114
    1.88000000    -0.20893321     0.65404104
    1.89000000    -0.21503257     0.65061650
    1.90000000    -0.22108526     0.64713811
    1.91000000    -0.22709084     0.64360644
    1.92000000    -0.23304888     0.64002206
    1.93000000    -0.23895895     0.63638557
    1.94000000    -0.24482062     0.63269754
    1.95000000    -0.25063348     0.62895856
    1.96000000    -0.25639712     0.62516923
    1.97000000    -0.26211114     0.62133014
    1.98000000    -0.26777515     0.61744189
    1.99000000    -0.27338875     0.61350507
    2.00000000    -0.27895157     0.60952029
    2.01000000    -0.28446322     0.60548816
    2.02000000    -0.28992336     0.60140928
    2.03000000    -0.29533160     0.59728426
    2.04000000    -0.30068760     0.59311371
    2.05000000    -0.30599101     0.58889826
    2.06000000    -0.31124149     0.58463851
    2.07000000    -0.31643870     0.58033508
    2.08000000    -0.32158233     0.57598860
    2.09000000    -0.32667204     0.57159969
    2.10000000    -0.33170753     0.56716897
    2.11000000    -0.33668849     0.56269707
    2.12000000    -0.34161462     0.55818462
    2.13000000    -0.34648562     0.55363225
    2.14000000    -0.35130122     0.54904059
    2.15000000    -0.35606114     0.54441027
    2.16000000    -0.36076510     0.53974194
    2.17000000    -0.36541283     0.53503622
    2.18000000    -0.37000408     0.53029375
    2.19000000    -0.37453861     0.52551517
    2.20000000    -0.37901615     0.52070113
    2.21000000    -0.38343649     0.51585226
    2.22000000    -0.38779938     0.51096921
    2.23000000    -0.39210460     0.50605261
    2.24000000    -0.39635194     0.50110312
    2.25000000    -0.40054119     0.49612137
    2.26000000    -0.40467214     0.49110802
    2.27000000    -0.40874459     0.48606372
    2.28000000    -0.41275837     0.48098909
    2.29000000    -0.41671328     0.47588481
    2.30000000    -0.42060916     0.47075150
    2.31000000    -0.42444582     0.46558983
    2.32000000    -0.42822312     0.46040045
    2.33000000    -0.43194089     0.45518399
    2.34000000    -0.43559898     0.44994111
    2.35000000    -0.43919727     0.44467246
    2.36000000    -0.44273560     0.43937869
    2.37000000    -0.44621386     0.43406045
    2.38000000    -0.44963191     0.42871839
    2.39000000    -0.45298966     0.42335315
    2.40000000    -0.45628698     0.41796540
    2.41000000    -0.45952379     0.41255577
    2.42000000    -0.46269997     0.40712492
    2.43000000    -0.46581546     0.40167349
    2.44000000    -0.46887016     0.39620213
    2.45000000    -0.47186400     0.39071149
    2.46000000    -0.47479691     0.38520222
    2.47000000    -0.47766883     0.37967496
    2.48000000    -0.48047972     0.37413036
    2.49000000    -0.48322951     0.36856906
    2.50000000    -0.48591817     0.36299170
    2.51000000    -0.48854566     0.35739894
    2.52000000    -0.49111195     0.35179141
    2.53000000    -0.49361703     0.34616975
    2.54000000    -0.49606088     0.34053460
    2.55000000    -0.49844348     0.33488661
    2.56000000    -0.50076483     0.32922640
    2.57000000    -0.50302495     0.32355462
    2.58000000    -0.50522383     0.31787189
    2.59000000    -0.50736150     0.31217886
    2.60000000    -0.50943797     0.30647616
    2.61000000    -0.51145328     0.30076441
    2.62000000    -0.51340746     0.29504424
    2.63000000    -0.51530055     0.28931629
    2.64000000    -0.51713260     0.28358118
    2.65000000    -0.51890366     0.27783952
    2.66000000    -0.52061380     0.27209195
    2.67000000    -0.52226307     0.26633909
    2.68000000    -0.52385155     0.26058154
    2.69000000    -0.52537932     0.25481993
    2.70000000    -0.52684646     0.24905488
    2.71000000    -0.52825306     0.24328699
    2.72000000    -0.52959922     0.23751687
    2.73000000    -0.53088504     0.23174514
    2.74000000    -0.53211062     0.22597239
    2.75000000    -0.53327608     0.22019924
    2.76000000    -0.53438154     0.21442627
    2.77000000    -0.53542712     0.20865410
    2.78000000    -0.53641296     0.20288331
    2.79000000    -0.53733918     0.19711451
    2.80000000    -0.53820594     0.19134827
    2.81000000    -0.53901338     0.18558519
    2.82000000    -0.53976164     0.17982585
    2.83000000    -0.54045090     0.17407085
    2.84000000    -0.54108131     0.16832075
    2.85000000    -0.54165305     0.16257613
    2.86000000    -0.54216628     0.15683757
    2.87000000    -0.54262119     0.15110564
    2.88000000    -0.54301797     0.14538091
    2.89000000    -0.54335681     0.13966395
    2.90000000    -0.54363789     0.13395531
    2.91000000    -0.54386143     0.12825555
    2.92000000    -0.54402763     0.12256524
    2.93000000    -0.54413669     0.11688493
    2.94000000    -0.54418885     0.11121515
    2.95000000    -0.54418432     0.10555647
    2.96000000    -0.54412332     0.09990942
    2.97000000    -0.54400609     0.09427454
    2.98000000    -0.54383287     0.08865238
    2.99000000    -0.54360389     0.08304345
    3.00000000    -0.54331940     0.07744830
    3.01000000    -0.54297966     0.07186745
    3.02000000    -0.54258492     0.06630141
    3.03000000    -0.54213544     0.06075072
    3.04000000    -0.54163148     0.05521587
    3.05000000    -0.54107332     0.04969739
    3.06000000    -0.54046123     0.04419578
    3.07000000    -0.53979548     0.03871155
    3.08000000    -0.53907637     0.03324520
    3.09000000    -0.53830418     0.02779721
    3.10000000    -0.53747920     0.02236809
    3.11000000    -0.53660172     0.01695831
    3.12000000    -0.53567206     0.01156838
    3.13000000    -0.53469050     0.00619876
    3.14000000    -0.53365737     0.00084993
    3.15000000    -0.53257298    -0.00447763
    3.16000000    -0.53143764    -0.00978346
    3.17000000    -0.53025167    -0.01506710
    3.18000000    -0.52901540    -0.02032807
    3.19000000    -0.52772915    -0.02556594
    3.20000000    -0.52639327    -0.03078024
    3.21000000    -0.52500809    -0.03597054
    3.22000000    -0.52357394    -0.04113638
    3.23000000    -0.52209118    -0.04627732
    3.24000000    -0.52056015    -0.05139295
    3.25000000    -0.51898120    -0.05648281
    3.26000000    -0.51735469    -0.06154650
    3.27000000    -0.51568097    -0.06658358
    3.28000000    -0.51396041    -0.07159365
    3.29000000    -0.51219338    -0.07657628
    3.30000000    -0.51038024    -0.08153107
    3.31000000    -0.50852136    -0.08645763
    3.32000000    -0.50661712    -0.09135554
    3.33000000    -0.50466791    -0.09622441
    3.34000000    -0.50267409    -0.10106387
    3.35000000    -0.50063606    -0.10587351
    3.36000000    -0.49855421    -0.11065297
    3.37000000    -0.49642892    -0.11540186
    3.38000000    -0.49426059    -0.12011982
    3.39000000    -0.49204961    -0.12480647
    3.40000000    -0.48979639    -0.12946146
    3.41000000    -0.48750133    -0.13408444
    3.42000000    -0.48516483    -0.13867504
    3.43000000    -0.48278731    -0.14323292
    3.44000000    -0.48036916    -0.14775774
    3.45000000    -0.47791081    -0.15224916
    3.46000000    -0.47541268    -0.15670685
    3.47000000    -0.47287517    -0.16113048
    3.48000000    -0.47029871    -0.16551972
    3.49000000    -0.46768372    -0.16987427
    3.50000000    -0.46503063    -0.17419380
    3.51000000    -0.46233986    -0.17847800
    3.52000000    -0.45961185    -0.18272658
    3.53000000    -0.45684703    -0.18693923
    3.54000000    -0.45404582    -0.19111567
    3.55000000    -0.45120868    -0.19525559
    3.56000000    -0.44833602    -0.19935872
    3.57000000    -0.44542831    -0.20342479
    3.58000000    -0.44248596    -0.20745350
    3.59000000    -0.43950944    -0.21144460
    3.60000000    -0.43649918    -0.21539782
    3.61000000    -0.43345564    -0.21931291
    3.62000000    -0.43037925    -0.22318960
    3.63000000    -0.42727048    -0.22702765
    3.64000000    -0.42412977    -0.23082682
    3.65000000    -0.42095757    -0.23458686
    3.66000000    -0.41775435    -0.23830755
    3.67000000    -0.41452056    -0.24198864
    3.68000000    -0.41125665    -0.24562993
    3.69000000    -0.40796309    -0.24923118
    3.70000000    -0.40464033    -0.25279220
    3.71000000    -0.40128883    -0.25631275
    3.72000000    -0.39790907    -0.25979265
    3.73000000    -0.39450150    -0.26323170
    3.74000000    -0.39106659    -0.26662969
    3.75000000    -0.38760479    -0.26998645
    3.76000000    -0.38411659    -0.27330178
    3.77000000    -0.38060245    -0.27657552
    3.78000000    -0.37706283    -0.27980747
    3.79000000    -0.37349820    -0.28299749
    3.80000000    -0.36990904    -0.28614539
    3.81000000    -0.36629582    -0.28925103
    3.82000000    -0.36265900    -0.29231426
    3.83000000    -0.35899905    -0.29533491
    3.84000000    -0.35531646    -0.29831285
    3.85000000    -0.35161169    -0.30124794
    3.86000000    -0.34788521    -0.30414005
    3.87000000    -0.34413750    -0.30698904
    3.88000000    -0.34036904    -0.30979480
    3.89000000    -0.33658029    -0.31255721
    3.90000000    -0.33277173    -0.31527614
    3.91000000    -0.32894384    -0.31795150
    3.92000000    -0.32509708    -0.32058318
    3.93000000    -0.32123194    -0.32317108
    3.94000000    -0.31734889    -0.32571510
    3.95000000    -0.31344841    -0.32821517
    3.96000000    -0.30953095    -0.33067118
    3.97000000    -0.30559702    -0.33308307
    3.98000000    -0.30164706    -0.33545077
    3.99000000    -0.29768157    -0.33777419
    4.00000000    -0.29370101    -0.34005328
    4.01000000    -0.28970586    -0.34228798
    4.02000000    -0.28569659    -0.34447823
    4.03000000    -0.28167366    -0.34662398
    4.04000000    -0.27763757    -0.34872519
    4.05000000    -0.27358877    -0.35078182
    4.06000000    -0.26952773    -0.35279383
    4.07000000    -0.26545494    -0.35476119
    4.08000000    -0.26137085    -0.35668388
    4.09000000    -0.25727593    -0.35856186
    4.10000000    -0.25317066    -0.36039514
    4.11000000    -0.24905550    -0.36218369
    4.12000000    -0.24493092    -0.36392752
    4.13000000    -0.24079738    -0.36562660
    4.14000000    -0.23665535    -0.36728096
    4.15000000    -0.23250530    -0.36889059
    4.16000000    -0.22834768    -0.37045551
    4.17000000    -0.22418295    -0.37197573
    4.18000000    -0.22001158    -0.37345127
    4.19000000    -0.21583403    -0.37488216
    4.20000000    -0.21165076    -0.37626843
    4.21000000    -0.20746221    -0.37761012
    4.22000000    -0.20326886    -0.37890725
    4.23000000    -0.19907114    -0.38015988
    4.24000000    -0.19486952    -0.38136805
    4.25000000    -0.19066445    -0.38253182
    4.26000000    -0.18645638    -0.38365123
    4.27000000    -0.18224575    -0.38472636
    4.28000000    -0.17803302    -0.38575726
    4.29000000    -0.17381862    -0.38674401
    4.30000000    -0.16960301    -0.38768669
    4.31000000    -0.16538663    -0.38858535
    4.32000000    -0.16116991    -0.38944010
    4.33000000    -0.15695329    -0.39025102
    4.34000000    -0.15273722    -0.39101820
    4.35000000    -0.14852212    -0.39174173
    4.36000000    -0.14430844    -0.39242171
    4.37000000    -0.14009660    -0.39305824
    4.38000000    -0.13588703    -0.39365144
    4.39000000    -0.13168016    -0.39420142
    4.40000000    -0.12747642    -0.39470828
    4.41000000    -0.12327623    -0.39517215
    4.42000000    -0.11908001    -0.39559316
    4.43000000    -0.11488819    -0.39597142
    4.44000000    -0.11070117    -0.39630708
    4.45000000    -0.10651938    -0.39660026
    4.46000000    -0.10234323    -0.39685111
    4.47000000    -0.09817312    -0.39705977
    4.48000000    -0.09400948    -0.39722639
    4.49000000    -0.08985269    -0.39735111
    4.50000000    -0.08570318    -0.39743409
    4.51000000    -0.08156133    -0.39747549
    4.52000000    -0.07742755    -0.39747547
    4.53000000    -0.07330224    -0.39743419
    4.54000000    -0.06918579    -0.39735183
    4.55000000    -0.06507859    -0.39722856
    4.56000000    -0.06098104    -0.39706455
    4.57000000    -0.05689351    -0.39685998
    4.58000000    -0.05281639    -0.39661504
    4.59000000    -0.04875007    -0.39632991
    4.60000000    -0.04469492    -0.39600479
    4.61000000    -0.04065132    -0.39563986
    4.62000000    -0.03661964    -0.39523532
    4.63000000    -0.03260026    -0.39479137
    4.64000000    -0.02859353    -0.39430823
    4.65000000    -0.02459984    -0.39378608
    4.66000000    -0.02061953    -0.39322515
    4.67000000    -0.01665298    -0.39262564
    4.68000000    -0.01270053    -0.39198778
    4.69000000    -0.00876254    -0.39131178
    4.70000000    -0.00483936    -0.39059786
    4.71000000    -0.00093134    -0.38984625
    4.72000000     0.00296118    -0.38905718
    4.73000000     0.00683785    -0.38823087
    4.74000000     0.01069833    -0.38736757
    4.75000000     0.01454230    -0.38646752
    4.76000000     0.01836940    -0.38553094
    4.77000000     0.02217933    -0.38455809
    4.78000000     0.02597174    -0.38354920
    4.79000000     0.02974632    -0.38250454
    4.80000000     0.03350274    -0.38142434
    4.81000000     0.03724069    -0.38030887
    4.82000000     0.04095985    -0.37915838
    4.83000000     0.04465991    -0.37797313
    4.84000000     0.04834057    -0.37675338
    4.85000000     0.05200152    -0.37549939
    4.86000000     0.05564245    -0.37421144
    4.87000000     0.05926308    -0.37288979
    4.88000000     0.06286310    -0.37153471
    4.89000000     0.06644222    -0.37014648
    4.90000000     0.07000016    -0.36872537
    4.91000000     0.07353663    -0.36727167
    4.92000000     0.07705136    -0.36578564
    4.93000000     0.08054405    -0.36426759
    4.94000000     0.08401444    -0.36271779
    4.95000000     0.08746226    -0.36113653
    4.96000000     0.09088723    -0.35952409
    4.97000000     0.09428910    -0.35788078
    4.98000000     0.09766761    -0.35620689
    4.99000000     0.10102249    -0.35450270
    5.00000000     0.10435349    -0.35276853
