-5.	0.7710737641656674	2.6066264306850795
-4.99	0.7434809311115659	2.6089835210900345
-4.98	0.7159210820310409	2.6110604119713776
-4.97	0.6883969457264165	2.6128580063252276
-4.96	0.6609112363999381	2.6143772325315036
-4.95	0.6334666534303305	2.615619044156238
-4.94	0.6060658811518104	2.6165844197520554
-4.93	0.5787115886355301	2.6172743626568664
-4.92	0.5514064294734897	2.6176899007907855
-4.91	0.5241530415648963	2.617832086451305
-4.9	0.49695404690502737	2.6177019961067667
-4.89	0.4698120513765754	2.6173007301881404
-4.88	0.4427296445435098	2.616629412879149
-4.87	0.41570939944743324	2.6156891919047704
-4.86	0.3887538724064888	2.6144812383181315
-4.85	0.36186560281679186	2.61300674628584
-4.84	0.3350471129564252	2.61126693287177
-4.83	0.30830090779196917	2.6092630378193373
-4.82	0.28162947478762496	2.6069963233322824
-4.81	0.25503528371690254	2.604468073854009
-4.8	0.22852078647690996	2.601679595845485
-4.79	0.20208841690521617	2.5986322175617493
-4.78	0.17574059059934335	2.5953272888270495
-4.77	0.14947970473885835	2.5917661808086363
-4.76	0.12330813791009983	2.5879502857892476
-4.75	0.09722824993351223	2.5838810169383066
-4.74	0.07124238169363957	2.5795598080818674
-4.73	0.045352854971751885	2.574988113471338
-4.72	0.019561972281122417	2.570167407550997
-4.71	-0.0061279832950261025	2.5650991847243567
-4.7	-0.031714748262934606	2.5597849591193724
-4.69	-0.05719607887502832	2.5542262643525535
-4.68	-0.08256975128397596	2.548424653291985
-4.67	-0.10783356169405499	2.5423816978193052
-4.66	-0.13298532650985379	2.536098988590651
-4.65	-0.15802288248226126	2.5295781347966173
-4.64	-0.1829440868517751	2.5228207639212434
-4.63	-0.2077468174890984	2.515828521500071
-4.62	-0.23242897303305546	2.508603070877286
-4.61	-0.2569884730257796	2.501146092961989
-4.6	-0.28142325804520496	2.4934592859836067
-4.59	-0.30573128983483283	2.4855443652464952
-4.58	-0.3299105514308049	2.4774030628837354
-4.57	-0.35395904728623806	2.469037127610177
-4.56	-0.3778748033928515	2.4604483244747373
-4.55	-0.40165586739986214	2.4516384346120077
-4.54	-0.42530030873017655	2.442609254993164
-4.53	-0.4488062186938393	2.433362598176238
-4.52	-0.4721717105987694	2.423900292055771
-4.51	-0.495394919858758	2.4142241796118693
-4.5	-0.5184740040987621	2.404336118658692
-4.49	-0.5414071432574523	2.394237981592415
-4.48	-0.5641925396870437	2.3839316551386767
-4.47	-0.5868284182504047	2.3734190400995487
-4.46	-0.6093130264154284	2.3627020511000607
-4.45	-0.6316446343467049	2.351782616334291
-4.4399999999999995	-0.65382153499445	2.340662677311071
-4.43	-0.6758420441807163	2.329344188599323
-4.42	-0.6977045006829042	2.3178291175730545
-4.41	-0.719407266314537	2.306119444156044
-4.4	-0.7409487260033298	2.2942171605662427
-4.39	-0.7623272878665526	2.2821242710599217
-4.38	-0.7835413832836715	2.2698427916755923
-4.37	-0.8045894669663078	2.2573747499777204
-4.36	-0.8254700170254746	2.2447221848002723
-4.35	-0.8461815350361299	2.2318871459901124
-4.34	-0.8667225460990239	2.2188716941502884
-4.33	-0.8870915988998765	2.2056779003832108
-4.32	-0.9072872657658535	2.1923078460337844
-4.31	-0.9273081427193719	2.178763622432489
-4.3	-0.947152849529223	2.165047330638461
-4.29	-0.9668200297590432	2.15116108118258
-4.28	-0.9863083508131034	2.1371069938106007
-4.27	-1.005616503979453	2.12288719722636
-4.26	-1.0247432044704012	2.1085038288350777
-4.25	-1.0436871914603727	2.0939590344867685
-4.24	-1.0624472281211044	2.079254968219814
-4.23	-1.0810221016542234	2.0643937920047026
-4.22	-1.0994106233211984	2.0493776754879724
-4.21	-1.1176116284706674	2.034208795736379
-4.2	-1.135623976563171	2.0188893369813083
-4.1899999999999995	-1.1534465511932717	2.0034214903634715
-4.18	-1.1710782601090781	1.987807453677909
-4.17	-1.1885180352292009	1.9720494311193038
-4.16	-1.2057648326571142	1.9561496330276635
-4.15	-1.222817632692959	1.9401102756343742
-4.14	-1.2396754398427865	1.9239335808086515
-4.13	-1.2563372828252461	1.9076217758044316
-4.12	-1.2728022145757487	1.891177093007697
-4.11	-1.2890693122480834	1.8746017696842916
-4.1	-1.305137677213524	1.8578980477282299
-4.09	-1.3210064350574167	1.8410681734105356
-4.08	-1.3366747355732826	1.8241143971286182
-4.07	-1.352141752754418	1.8070389731562337
-4.06	-1.3674066847830213	1.7898441593940335
-4.05	-1.3824687540168494	1.7725322171207407
-4.04	-1.3973272069734275	1.7551054107449533
-4.03	-1.411981314311804	1.7375660075576331
-4.02	-1.426430370811879	1.7199162774852677
-4.01	-1.4406736953513026	1.7021584928437576
-4.	-1.4547106308799815	1.684294928093023
-3.99	-1.4685405443921706	1.66632785959238
-3.98	-1.4821628268961915	1.64825956535669
-3.9699999999999998	-1.4955768933817757	1.6300923248133152
-3.96	-1.508782182785047	1.611828418559893
-3.95	-1.5217781579511662	1.5934701281229557
-3.94	-1.5345643055946343	1.5750197357174232
-3.9299999999999997	-1.5471401362572796	1.5564795240069795
-3.92	-1.559505184263942	1.5378517758653603
-3.91	-1.5716590076758652	1.5191387741385716
-3.9	-1.583601188241809	1.5003428014080595
-3.8899999999999997	-1.5953313313468973	1.4814661397548579
-3.88	-1.6068490659592214	1.4625110705247222
-3.87	-1.6181540445742069	1.443479874094281
-3.86	-1.6292459431567594	1.424374829638222
-3.8499999999999996	-1.6401244610812051	1.4051982148975326
-3.84	-1.650789321069044	1.3859523059488135
-3.83	-1.6612402691245267	1.3666393769746812
-3.8200000000000003	-1.6714770744680714	1.3472617000352944
-3.81	-1.681499529467539	1.3278215448410022
-3.8	-1.6913074495673754	1.3083211785261515
-3.79	-1.7009006732156484	1.2887628654240604
-3.7800000000000002	-1.7102790617889831	1.2691488668431794
-3.77	-1.7194424995154194	1.2494814408444628
-3.76	-1.728390893395204	1.2297628420199709
-3.75	-1.737124173119536	1.209995321272704
-3.74	-1.7456422909872835	1.1901811255977077
-3.73	-1.7539452218196847	1.170322497864454
-3.7199999999999998	-1.7620329628730478	1.150421676600521
-3.71	-1.7699055337494787	1.130480895776587
-3.7	-1.777562976305641	1.110502384592752
-3.69	-1.785005354559571	1.090488367266209
-3.6799999999999997	-1.7922327545955632	1.0704410628202883
-3.67	-1.7992452844671487	1.0503626848748695
-3.66	-1.8060430740981783	1.0302554414381988
-3.65	-1.8126262751820308	1.0101215347001182
-3.6399999999999997	-1.818995061078964	0.9899631608267275
-3.63	-1.8251496267116274	0.9697825097564853
-3.62	-1.831090188458754	0.9495817649977722
-3.61	-1.836816984047048	0.9293631034279308
-3.5999999999999996	-1.8423302724412902	0.9091286950937993
-3.59	-1.8476303337326774	0.8888807030137441
-3.58	-1.8527174690254138	0.8686212829812127
-3.5700000000000003	-1.8575920003215753	0.8483525833698261
-3.56	-1.8622542704042648	0.8280767449400148
-3.55	-1.8667046427190723	0.8077959006472196
-3.54	-1.8709435012538733	0.7875121754516666
-3.5300000000000002	-1.8749712504169647	0.7672276861297289
-3.52	-1.8787883149135738	0.7469445410868951
-3.51	-1.8823951396207521	0.7266648401723544
-3.5	-1.8857921894606746	0.7063906744952047
-3.49	-1.8889799492723642	0.6861241262423019
-3.48	-1.891958923681862	0.6658672684977675
-3.4699999999999998	-1.8947296369708602	0.6456221650641594
-3.46	-1.897292632943823	0.6253908702853175
-3.45	-1.899648474793606	0.605175428870898
-3.44	-1.9017977449656058	0.5849778757226124
-3.4299999999999997	-1.9037410450204495	0.5648002357621761
-3.42	-1.9054789954952502	0.544644523760979
-3.41	-1.9070122357634454	0.5245127441714864
-3.4	-1.9083414238932424	0.504406890960391
-3.3899999999999997	-1.909467236504684	0.48432894744351584
-3.38	-1.9103903686253658	0.4642808861224805
-3.37	-1.9111115335448117	0.4442646685231411
-3.36	-1.9116314626675415	0.4242822450358181
-3.3499999999999996	-1.9119509053648391	0.4043355547573169
-3.34	-1.9120706288252547	0.38442652533474936
-3.33	-1.9119914179038464	0.36455707281116523
-3.3200000000000003	-1.911714074970198	0.3447291014730103
-3.31	-1.9112394197552174	0.3249445036994079
-3.3	-1.9105682891967537	0.3052051598132841
-3.29	-1.9097015372840367	0.28551293793433186
-3.2800000000000002	-1.9086400349009727	0.2658696938338311
-3.27	-1.9073846696683083	0.2462772707913317
-3.26	-1.9059363457846918	0.226737499453206
-3.25	-1.9042959838666458	0.20725219769307382
-3.24	-1.9024645207874722	0.18782317047410965
-3.23	-1.9004429095151187	0.16845220971324373
-3.2199999999999998	-1.8982321189490179	0.14914109414725876
-3.21	-1.8958331337559244	0.1298915892007861
-3.2	-1.893246954204773	0.11070544685621045
-3.19	-1.8904745960005722	0.09158440552549224
-3.1799999999999997	-1.887517090117368	0.07253018992391083
-3.17	-1.884375482630276	0.05354451094572919
-3.16	-1.8810508345466306	0.03462906554178997
-3.15	-1.8775442216362475	0.01578553659905054
-3.1399999999999997	-1.8738567342608385	-0.0029844071779412747
-3.13	-1.8699894772025896	-0.021679111383629726
-3.12	-1.8659435694919282	-0.04029693602608409
-3.11	-1.8617201442344962	-0.05883625563967465
-3.0999999999999996	-1.8573203484373582	-0.07729545939579127
-3.09	-1.8527453428344538	-0.09567295121160399
-3.08	-1.8479963017113297	-0.11396714985685899
-3.0700000000000003	-1.8430744127291556	-0.13217648905870258
-3.06	-1.8379808767480657	-0.15029941760453835
-3.05	-1.832716907649823	-0.1683343994429064
-3.04	-1.8272837321598534	-0.18627991378239075
-3.0300000000000002	-1.8216825896686424	-0.2041344551885473
-3.02	-1.8159147320525446	-0.22189653367884848
-3.01	-1.809981423494002	-0.2395646748156446
-3.	-1.8038839403012088	-0.2571374197971442
-2.9899999999999998	-1.797623570727234	-0.2746133255464088
-2.98	-1.7912016147886294	-0.29199096479835246
-2.9699999999999998	-1.7846193840835376	-0.30926892618476526
-2.96	-1.777878201609326	-0.32644581431733366
-2.95	-1.7709794015797666	-0.3435202498686841
-2.94	-1.7639243292417772	-0.36049086965142685
-2.93	-1.7567143406917562	-0.3773563266952102
-2.92	-1.7493508026915146	-0.39411529032179093
-2.91	-1.7418350924838486	-0.4107664462181033
-2.9	-1.7341685976077452	-0.42730849650734887
-2.89	-1.726352715713273	-0.44374015981808546
-2.88	-1.7183888543761487	-0.460060171351339
-2.87	-1.710278430912024	-0.47626728294571524
-2.86	-1.7020228721904938	-0.49236026314053655
-2.85	-1.6936236144488657	-0.508337897236982
-2.84	-1.685082103105689	-0.524198987357254
-2.83	-1.6763997925740866	-0.5399423525017535
-2.82	-1.667578146074888	-0.5555668286042843
-2.81	-1.6586186354496044	-0.5710712685852698
-2.8	-1.6495227409732443	-0.5864545424030041
-2.79	-1.6402919511670135	-0.6017155371029204
-2.78	-1.6309277626108947	-0.6168531568648988
-2.77	-1.6214316797561497	-0.6318663230485978
-2.76	-1.6118052147377437	-0.6467539742368297
-2.75	-1.6020498871867292	-0.6615150662769679
-2.7399999999999998	-1.5921672240425935	-0.6761485723204047
-2.73	-1.5821587593656035	-0.690653482860047
-2.7199999999999998	-1.5720260341491537	-0.7050288057658717
-2.71	-1.5617705961321509	-0.7192735663185258
-2.6999999999999997	-1.5513939996114405	-0.7333868072409955
-2.69	-1.5408978052543085	-0.7473675887283279
-2.68	-1.5302835799110626	-0.7612149884754308
-2.67	-1.5195528964277267	-0.7749281017029382
-2.66	-1.5087073334588583	-0.788506041181154
-2.65	-1.4977484752805075	-0.8019479372520844
-2.64	-1.4866779116033453	-0.8152529378495503
-2.63	-1.4754972373859663	-0.8284202085174015
-2.62	-1.4642080526483998	-0.8414489324258226
-2.61	-1.4528119622858335	-0.8543383103857531
-2.6	-1.4413105758825793	-0.8670875608614091
-2.59	-1.4297055075262903	-0.8796959199809327
-2.58	-1.417998375622461	-0.8921626415451567
-2.57	-1.406190802709206	-0.9044869970345075
-2.56	-1.3942844152723648	-0.916668275614039
-2.55	-1.3822808435609204	-0.9287057841366168
-2.54	-1.370181721402777	-0.9405988471442478
-2.53	-1.357988686020891	-0.9523468068675753
-2.52	-1.3457033778497913	-0.9639490232235326
-2.51	-1.3333274403524937	-0.9754048738111786
-2.5	-1.3208625198378354	-0.9867137539057053
-2.4899999999999998	-1.3083102652782406	-0.9978750764506457
-2.48	-1.2956723281279396	-1.0088882720482668
-2.4699999999999998	-1.2829503621416531	-1.0197527889481797
-2.46	-1.2701460231937645	-1.0304680930341537
-2.4499999999999997	-1.2572609690979917	-1.0410336678091616
-2.44	-1.2442968594275798	-1.0514490143786472
-2.43	-1.231255355336026	-1.0617136514320398
-2.42	-1.2181381193783583	-1.0718271152225147
-2.41	-1.2049468153329836	-1.0817889595450096
-2.4	-1.1916831080241148	-1.0915987557125117
-2.39	-1.1783486631448046	-1.1012560925306178
-2.38	-1.1649451470805896	-1.1107605762703845
-2.37	-1.1514742267337734	-1.1201118306394688
-2.36	-1.1379375693483484	-1.1293094967515789
-2.35	-1.1243368423355913	-1.1383532330942374
-2.34	-1.1106737131003284	-1.1472427154948714
-2.33	-1.0969498488679024	-1.1559776370852368
-2.32	-1.0831669165118416	-1.1645577082641916
-2.31	-1.0693265823822624	-1.1729826566588206
-2.3	-1.055430512134999	-1.1812522270839327
-2.29	-1.0414803705615021	-1.189366181499932
-2.28	-1.0274778214194913	-1.1973242989690784
-2.27	-1.0134245272644045	-1.2051263756101507
-2.26	-0.999322149281632	-1.2127722245515147
-2.25	-0.9851723471195758	-1.2202616758826181
-2.2399999999999998	-0.9709767787235217	-1.227594576603918
-2.23	-0.9567371001703633	-1.2347707905752485
-2.2199999999999998	-0.9424549655041695	-1.241790198462653
-2.21	-0.9281320265726277	-1.2486526976836743
-2.1999999999999997	-0.913769932864361	-1.255358202351134
-2.19	-0.8993703313471466	-1.2619066432153958
-2.18	-0.8849348663070343	-1.2682979676051378
-2.17	-0.8704651791883907	-1.274532139366639
-2.16	-0.8559629084348774	-1.2806091388015892
-2.15	-0.8414296893313701	-1.28652896260345
-2.14	-0.8268671538468432	-1.2922916237923554
-2.13	-0.8122769304782191	-1.2978971516485884
-2.12	-0.7976606440952093	-1.303345591644629
-2.11	-0.7830199157861419	-1.3086370053757976
-2.1	-0.7683563627048068	-1.3137714704894956
-2.09	-0.75367159791831	-1.3187490806130697
-2.08	-0.738967230255972	-1.3235699452803003
-2.07	-0.724244864159256	-1.3282341898565349
-2.06	-0.7095060995327629	-1.3327419554624758
-2.05	-0.6947525315962806	-1.3370933988966383
-2.04	-0.679985750737921	-1.3412886925564893
-2.03	-0.6652073423683349	-1.3453280243582844
-2.02	-0.6504188867760343	-1.3492115976556098
-2.01	-0.6356219589838159	-1.3529396311566537
-2.	-0.6208181286063119	-1.3565123588402077
-1.9899999999999998	-0.6060089597086623	-1.3599300298704222
-1.98	-0.591196010666338	-1.3631929085103252
-1.9699999999999998	-0.5763808340261015	-1.3663012740341198
-1.96	-0.5615649763681408	-1.3692554206382725
-1.9499999999999997	-0.54674997816936	-1.3720556573514084
-1.94	-0.5319373736678613	-1.3747023079430263
-1.9299999999999997	-0.5171286907286045	-1.3771957108310497
-1.92	-0.502325450710274	-1.3795362189882237
-1.9100000000000001	-0.4875291683333443	-1.3817241998473768
-1.9	-0.47274135154936625	-1.3837600352055615
-1.8900000000000001	-0.4579635014114786	-1.3856441211270825
-1.88	-0.44319711194614525	-1.3873768678454343
-1.87	-0.4284436700261443	-1.3889586996641605
-1.8599999999999999	-0.4137046552447956	-1.3903900548566446
-1.85	-0.39898153979145673	-1.3916713855648548
-1.8399999999999999	-0.384275788328274	-1.392803157697052
-1.83	-0.36958885786821694	-1.393785850824477
-1.8199999999999998	-0.3549221976543832	-1.3946199580770318
-1.81	-0.3402772490406025	-1.3953059860379708
-1.7999999999999998	-0.3256554453733252	-1.3958444546376179
-1.79	-0.3110582118748241	-1.3962358970461175
-1.7799999999999998	-0.29648696552769516	-1.396480859565245
-1.77	-0.2819431149606852	-1.3965799015192821
-1.7599999999999998	-0.26742806033583155	-1.3965335951449784
-1.75	-0.2529431932369421	-1.3963425254806128
-1.7399999999999998	-0.23848989655939953	-1.3960072902541645
-1.73	-0.2240695444013188	-1.39552849977062
-1.7199999999999998	-0.2096835019560407	-1.3949067767984191
-1.71	-0.19533312540598996	-1.3941427564550635
-1.6999999999999997	-0.18101976181788174	-1.3932370860918988
-1.69	-0.16674474903930256	-1.3921904251780879
-1.6799999999999997	-0.1525094155966514	-1.39100344518379
-1.67	-0.13831508059446523	-1.389676829462558
-1.6600000000000001	-0.1241630536161152	-1.3882112731329754
-1.65	-0.11005463462589346	-1.3866074829595405
-1.6400000000000001	-0.09599111387248976	-1.3848661772328235
-1.63	-0.0819737717938549	-1.3829880856488976
-1.62	-0.06800387892347197	-1.3809739491880757
-1.6099999999999999	-0.05408269579801966	-1.3788245199929539
-1.6	-0.04021147286645179	-1.3765405612457855
-1.5899999999999999	-0.026391450400476822	-1.374122847045201
-1.58	-0.012623858406460926	-1.3715721622822832
-1.5699999999999998	0.001090083461261599	-1.3688893025160183
-1.56	0.01474916598564762	-1.3660750738481398
-1.5499999999999998	0.02835219047079058	-1.3631302927973725
-1.54	0.041897968824329446	-1.3600557861731017
-1.5299999999999998	0.05538532363843782	-1.3568523909484773
-1.52	0.06881308826937112	-1.3535209541329687
-1.5099999999999998	0.08218010691558861	-1.3500623326443864
-1.5	0.09548523469442871	-1.3464773931803902
-1.4899999999999998	0.10872733771735435	-1.3427670120894888
-1.48	0.12190529316374743	-1.338932075241558
-1.4699999999999998	0.13501798935326945	-1.3349734778978857
-1.46	0.14806432581676748	-1.33089212458076
-1.4499999999999997	0.16104321336574287	-1.3266889289426174
-1.44	0.1739535741603625	-1.3223648136347677
-1.4299999999999997	0.18679434177602994	-1.3179207101757047
-1.42	0.19956446126849658	-1.313357558819027
-1.4100000000000001	0.21226288923753048	-1.3086763084209758
-1.4	0.22488859388912624	-1.303877916307609
-1.3900000000000001	0.23744055509626288	-1.2989633481416312
-1.38	0.24991776445821332	-1.2939335777888812
-1.37	0.26231922535839153	-1.2887895871845103
-1.3599999999999999	0.27464395302075517	-1.2835323661988507
-1.35	0.28689097456474427	-1.2781629125029992
-1.3399999999999999	0.29905932905877597	-1.2726822314341264
-1.33	0.3111480675722757	-1.267091335860529
-1.3199999999999998	0.32315625322626435	-1.2613912460464367
-1.31	0.3350829612424837	-1.2555829895165957
-1.2999999999999998	0.3469272789910788	-1.2496676009206338
-1.29	0.3586883060368197	-1.2436461218972317
-1.2799999999999998	0.3703651541838828	-1.2375196009381084
-1.27	0.3819569475191732	-1.2312890932518412
-1.2599999999999998	0.39346282245420844	-1.2249556606275278
-1.25	0.4048819277655479	-1.2185203712983141
-1.2399999999999998	0.4162134246337845	-1.2119842998047963
-1.23	0.4274564866810863	-1.2053485268583117
-1.2199999999999998	0.43861030000730433	-1.198614139204138
-1.21	0.4496740632246334	-1.191782229484611
-1.1999999999999997	0.4606469874908438	-1.184853896102175
-1.19	0.47152829654107026	-1.1778302430823862
-1.1799999999999997	0.48231722671817673	-1.1707123799368746
-1.17	0.4930130270016829	-1.163501421526287
-1.1600000000000001	0.5036149590352718	-1.1561984879232203
-1.15	0.5141222971528675	-1.148804704275161
-1.1400000000000001	0.5245343284032924	-1.141321200667448
-1.13	0.5348503525735104	-1.133749111986263
-1.12	0.5450696822104489	-1.12608957778168
-1.1099999999999999	0.5551916426414152	-1.118343742130765
-1.1	0.5652155719930999	-1.1105127535007642
-1.0899999999999999	0.5751408212091816	-1.1025977646123746
-1.08	0.5849667540665237	-1.0945999323031232
-1.0699999999999998	0.5946927471899826	-1.0865204173908611
-1.06	0.6043181900658161	-1.0783603845373926
-1.0499999999999998	0.6138424850537096	-1.0701210021122471
-1.04	0.6232650473974123	-1.0618034420566127
-1.0299999999999998	0.6325853052339987	-1.0534088797474386
-1.02	0.641802699601751	-1.0449384938617279
-1.0099999999999998	0.650916684446675	-1.0363934662410248
-1.	0.6599267266276456	-1.0277749817561193
-0.9900000000000002	0.6688323059201952	-1.019084228171972
-0.9799999999999995	0.6776329150189462	-1.0103223960128835
-0.9699999999999998	0.6863280595386876	-1.0014906784279127
-0.96	0.6949172580141161	-0.9925902710565582
-0.9500000000000002	0.703400041898228	-0.9836223718947205
-0.9399999999999995	0.7117759555593817	-0.9745881811609532
-0.9299999999999997	0.7200445562770278	-0.9654889011630204
-0.9199999999999999	0.7282054142361223	-0.9563257361647634
-0.9100000000000001	0.7362581125202161	-0.9470998922533014
-0.9000000000000004	0.7442022471032367	-0.9378125772065724
-0.8899999999999997	0.7520374268399647	-0.928465000361225
-0.8799999999999999	0.7597632734552079	-0.9190583724808803
-0.8700000000000001	0.7673794215316904	-0.9095939056247639
-0.8600000000000003	0.7748855184966476	-0.900072813016736
-0.8499999999999996	0.7822812246071461	-0.8904963089147183
-0.8399999999999999	0.7895662129341271	-0.8808656084805393
-0.8300000000000001	0.7967401693451892	-0.8711819276501986
-0.8200000000000003	0.8038027924861054	-0.861446483004575
-0.8099999999999996	0.8107537937610926	-0.8516604916405803
-0.7999999999999998	0.8175928973118302	-0.841825171042779
-0.79	0.8243198399952478	-0.8319417389554703
-0.7800000000000002	0.8309343713600752	-0.8220114132552641
-0.7699999999999996	0.8374362536221729	-0.8120354118241454
-0.7599999999999998	0.8438252616386414	-0.8020149524230517
-0.75	0.8501011828807297	-0.7919512525659562
-0.7400000000000002	0.8562638174055351	-0.7818455293944916
-0.7299999999999995	0.8623129778265146	-0.7716989995531046
-0.7199999999999998	0.8682484892828053	-0.7615128790647672
-0.71	0.8740701894073758	-0.7512883832072402
-0.7000000000000002	0.8797779282939993	-0.7410267263899163
-0.6899999999999995	0.8853715684630712	-0.7307291220312383
-0.6799999999999997	0.8908509848262683	-0.7203967824367181
-0.6699999999999999	0.8962160646500685	-0.710030918677546
-0.6600000000000001	0.9014667075181306	-0.6996327404698234
-0.6499999999999995	0.9066028252925455	-0.689203456054412
-0.6399999999999997	0.9116243420739673	-0.6787442720774226
-0.6299999999999999	0.9165311941606377	-0.6682563934713351
-0.6200000000000001	0.9213233300063027	-0.6577410233367832
-0.6100000000000003	0.9260007101770382	-0.6471993628249921
-0.5999999999999996	0.9305633073069903	-0.6366326110208933
-0.5899999999999999	0.9350111060530395	-0.6260419648269209
-0.5800000000000001	0.9393441030483987	-0.6154286188474898
-0.5700000000000003	0.9435623068551531	-0.6047937652741852
-0.5599999999999996	0.9476657379157516	-0.594138593771652
-0.5499999999999998	0.9516544285034566	-0.5834642913642103
-0.54	0.9555284226717685	-0.5727720423231863
-0.5300000000000002	0.9592877762028241	-0.5620630280549895
-0.5199999999999996	0.9629325565547882	-0.5513384269899272
-0.5099999999999998	0.9664628428082381	-0.5405994144717784
-0.5	0.9698787256115622	-0.5298471626481189
-0.4900000000000002	0.9731803071253706	-0.5190828403614258
-0.47999999999999954	0.9763677009659366	-0.5083076130409535
-0.46999999999999975	0.9794410321476702	-0.4975226425954016
-0.45999999999999996	0.9824004370246442	-0.4867290873063675
-0.4500000000000002	0.9852460632311725	-0.47592810172260974
-0.4399999999999995	0.9879780696214561	-0.4651208365551154
-0.4299999999999997	0.9905966262083054	-0.4543084385729906
-0.41999999999999993	0.9931019141009491	-0.44349205050016605
-0.41000000000000014	0.9954941254419404	-0.4326728109129442
-0.39999999999999947	0.9977734633431681	-0.42185185413838067
-0.3899999999999997	0.9999401418209855	-0.4110303101535172
-0.3799999999999999	1.0019943857304674	-0.40020930448545977
-0.3700000000000001	1.0039364306988041	-0.38938995811232646
-0.3600000000000003	1.0057665230578414	-0.37857338736505836
-0.34999999999999964	1.0074849197757816	-0.36776070383010423
-0.33999999999999986	1.0090918883880522	-0.35695301425299214
-0.33000000000000007	1.0105877069273517	-0.3461514204427771
-0.3200000000000003	1.0119726638528899	-0.3353570191773938
-0.3099999999999996	1.0132470579788224	-0.32457090210990247
-0.2999999999999998	1.0144111984019022	-0.3137941556756476
-0.29000000000000004	1.0154654044283473	-0.30302786100031803
-0.28000000000000025	1.016410005499945	-0.2922730938089359
-0.2699999999999996	1.017245341119397	-0.2815309243357634
-0.2599999999999998	1.0179717607749172	-0.27080241723514425
-0.25	1.0185896238640981	-0.26008863149327155
-0.2400000000000002	1.019099299617048	-0.24939062034090484
-0.22999999999999954	1.0195011670188174	-0.23870943116702814
-0.21999999999999975	1.019795614731122	-0.22804610543346407
-0.20999999999999996	1.0199830410133728	-0.21740167859043427
-0.20000000000000018	1.020063853643027	-0.2067771799930915
-0.1899999999999995	1.0200384698352685	-0.19617363281901065
-0.17999999999999972	1.0199073161620262	-0.18559205398665646
-0.16999999999999993	1.0196708284703517	-0.17503345407481716
-0.16000000000000014	1.0193294518001517	-0.16449883724302683
-0.14999999999999947	1.0188836403013009	-0.15398920115296602
-0.13999999999999968	1.0183338571501384	-0.14350553689085663
-0.1299999999999999	1.0176805744653579	-0.13304882889083897
-0.1200000000000001	1.016924273223311	-0.12262005485935529
-0.11000000000000032	1.0160654431727236	-0.1122201857005282
-0.09999999999999964	1.0151045827488456	-0.10185018544254314
-0.08999999999999986	1.0140421989870416	-0.09151101116504329
-0.08000000000000007	1.0128788074358328	-0.0812036129275259
-0.07000000000000028	1.0116149320694026	-0.0709289336987625
-0.05999999999999961	1.0102511051995766	-0.060687909287231404
-0.04999999999999982	1.0087878673872919	-0.05048146827257638
-0.040000000000000036	1.007225767353558	-0.04031053193808021
-0.03000000000000025	1.0055653618899307	-0.03017601420417424
-0.019999999999999574	1.0038072157685036	-0.020078821562972127
-0.009999999999999787	1.001951901651433	-0.010019853013841232
0.	1.	0.
0.009999999999999787	0.9979520989832324	0.00997985365383834
0.020000000000000462	0.9958087943860873	0.01991883180278779
0.03000000000000025	0.9935706895172108	0.029816066042064385
0.040000000000000036	0.9912383951162852	0.03967069576622585
0.04999999999999982	0.9888125292609747	0.04948186822735644
0.0600000000000005	0.9862937172734809	0.05924873859220921
0.07000000000000028	0.9836825916267206	0.06897046999829358
0.08000000000000007	0.9809797918501322	0.07864623360892026
0.08999999999999986	0.9781859644351314	0.08827520866718472
0.10000000000000053	0.9753017627402162	0.097856582548902
0.11000000000000032	0.9723278468957426	0.10738955081448064
0.1200000000000001	0.9692648837083735	0.1168733172597487
0.1299999999999999	0.9661135465652193	0.12630709396571368
0.13999999999999968	0.9628745153376761	0.13569010134726797
0.15000000000000036	0.9595484762849761	0.14502156820083498
0.16000000000000014	0.9561361219574599	0.1543007317509509
0.16999999999999993	0.9526381510995804	0.16352683769579412
0.17999999999999972	0.9490552685526531	0.1726991402516451
0.1900000000000004	0.94538818515736	0.1818169021962894
0.20000000000000018	0.9416376176560233	0.1908793949113544
0.20999999999999996	0.9378042885946504	0.19988589842359156
0.21999999999999975	0.933888926224775	0.20883570144508898
0.23000000000000043	0.9298922644050925	0.21772810141242652
0.2400000000000002	0.925815042502909	0.22656240452476434
0.25	0.9216580052954098	0.23533792578087795
0.2599999999999998	0.9174219028707624	0.2440539890151241
0.27000000000000046	0.9131074905290618	0.2527099269323507
0.28000000000000025	0.9087155286831322	0.26130508114174233
0.29000000000000004	0.9042467827591908	0.2698388021896137
0.2999999999999998	0.8997020230973901	0.2783104495911371
0.3100000000000005	0.8950820248522473	0.28671939186101736
0.3200000000000003	0.8903875678929717	0.29506500654310497
0.33000000000000007	0.8856194367036974	0.3033466802389618
0.33999999999999986	0.8807784202836404	0.311563808635365
0.35000000000000053	0.8758653120471809	0.31971579653076304
0.3600000000000003	0.8708809097238905	0.3278020578606754
0.3700000000000001	0.865826015258507	0.33582201572205006
0.3799999999999999	0.8607014347108723	0.3437751023965659
0.3899999999999997	0.8555079781558439	0.3516607593728919
0.40000000000000036	0.8502464595831862	0.35947843736790197
0.41000000000000014	0.8449176967974605	0.3672275963468446
0.41999999999999993	0.8395225113179119	0.3749077055424777
0.4299999999999997	0.8340617282783745	0.3825182434731589
0.4400000000000004	0.8285361763272004	0.3900586979599044
0.4500000000000002	0.8229466875272249	0.39752856614240956
0.45999999999999996	0.817294097255771	0.40492735449404516
0.46999999999999975	0.8115792441047164	0.41225457883581834
0.4800000000000004	0.8058029697806202	0.4195097643493119
0.4900000000000002	0.7999661190049299	0.426692445588596
0.5	0.7940695394142675	0.4338021664911263
0.5099999999999998	0.7881140814608176	0.4408384803876184
0.5200000000000005	0.7821005983128158	0.4478009500109112
0.5300000000000002	0.7760299457551578	0.45468914750381567
0.54	0.7699029820901272	0.461502654425962
0.5499999999999998	0.7637205680382634	0.46824106175963537
0.5600000000000005	0.7574835666393721	0.47490396991461437
0.5700000000000003	0.751192843153692	0.4814909887320078
0.5800000000000001	0.7448492649632217	0.4880017374871037
0.5899999999999999	0.7384537014732249	0.49443584489122155
0.6000000000000005	0.7320070240139153	0.5007929490925811
0.6100000000000003	0.7255101057423382	0.507072697676185
0.6200000000000001	0.718963821544448	0.5132747476627283
0.6299999999999999	0.7123690479374033	0.5193987655065265
0.6399999999999997	0.7057266629720791	0.5254444270924774
0.6500000000000004	0.6990375461358103	0.5314114177320535
0.6600000000000001	0.6923025782553754	0.5372994321583319
0.6699999999999999	0.685522641400225	0.5431081745200699
0.6799999999999997	0.6786986187859707	0.5488373583748224
0.6900000000000004	0.6718313946781396	0.5544867066811133
0.7000000000000002	0.6649218542962056	0.560055951789659
0.71	0.6579708837178997	0.5655448354336572
0.7199999999999998	0.6509793697838184	0.5709531087181364
0.7300000000000004	0.6439482000023318	0.5762805321083768
0.7400000000000002	0.6368782624548036	0.5815268754174046
0.75	0.6297704457011258	0.5866919177925695
0.7599999999999998	0.6226256386855848	0.5917754477012027
0.7700000000000005	0.6154447306430618	0.5967772629153675
0.7800000000000002	0.6082286110055801	0.6016971704957031
0.79	0.600978169309199	0.6065349867743719
0.7999999999999998	0.5936942951012746	0.611290537337109
0.8100000000000005	0.5863778778480864	0.615963657004386
0.8200000000000003	0.5790298068428446	0.6205541898116871
0.8300000000000001	0.5716509711140755	0.6250619889889143
0.8399999999999999	0.5642422593344084	0.6294869169389142
0.8500000000000005	0.5568045597297574	0.633828845215142
0.8600000000000003	0.5493387599889176	0.6380876544984623
0.8700000000000001	0.5418457471735709	0.6422632345730986
0.8799999999999999	0.5343264076287227	0.6463554843017308
0.8899999999999997	0.526781626893567	0.6503643115997519
0.9000000000000004	0.5192122896127918	0.6542896334086866
0.9100000000000001	0.5116192794483333	0.6581313756687784
0.9199999999999999	0.5040034789915795	0.6618894732907564
0.9299999999999997	0.4963657696760404	0.665563870126778
0.9400000000000004	0.48870703169048413	0.6691545189405637
0.9500000000000002	0.48102814389255233	0.6726613813767235
0.96	0.4733299837228525	0.676084427929287
0.9699999999999998	0.4656134271195466	0.6794236379094377
0.9800000000000004	0.4578793484334327	0.6826789994124627
0.9900000000000002	0.4501286203435338	0.6858505092839206
1.	0.4423621137731921	0.6889381730850401
1.0099999999999998	0.4345806978066851	0.6919420050573484
1.0200000000000005	0.42678523960636283	0.6948620280865413
1.0300000000000002	0.4189766043303186	0.6976982736655996
1.04	0.41115565505059043	0.7004507818571615
1.0499999999999998	0.4033232526719115	0.7031196012551536
1.0600000000000005	0.39548025585100643	0.7057047889456901
1.0700000000000003	0.3876275209164468	0.708206410467246
1.08	0.3797659017890617	0.7106245397701152
1.0899999999999999	0.3718962499029223	0.7129592591751528
1.1000000000000005	0.36401941412689637	0.7152106593318169
1.1100000000000003	0.35613624068678607	0.7173788391755108
1.12	0.3482475730880438	0.719463905884238
1.13	0.34035425203908637	0.7214659748345732
1.1400000000000006	0.33245711537520084	0.7233851695569583
1.1500000000000004	0.32455699798305687	0.7252216216903298
1.1600000000000001	0.3166547317258196	0.7269754709360885
1.17	0.30875114536888165	0.7286468650114126
1.1799999999999997	0.3008470645062106	0.7302359596019277
1.1900000000000004	0.2929433114873187	0.7317429183137377
1.2000000000000002	0.2850407053448649	0.7331679126248247
1.21	0.2771400617228832	0.7345111218358278
1.2199999999999998	0.2692421928056557	0.7357727330202033
1.2300000000000004	0.26134790724722523	0.7369529409737804
1.2400000000000002	0.25345801010155955	0.7380519481637147
1.25	0.24557330275336056	0.7390699646768496
1.2599999999999998	0.23769458284953857	0.7400072081674939
1.2700000000000005	0.22982264423134308	0.740863903804621
1.2800000000000002	0.22195827686716404	0.7416402842185001
1.29	0.21410226678599611	0.7423365894467658
1.2999999999999998	0.20625539601158469	0.7429530668799335
1.3100000000000005	0.19841844249724597	0.7434899712063696
1.3200000000000003	0.19059218006137438	0.7439475643567247
1.33	0.1827773783236292	0.7443261154478354
1.3399999999999999	0.17497480264181875	0.7446259007261053
1.3500000000000005	0.1671852140494751	0.7448472035103714
1.3600000000000003	0.15940936919413043	0.7449903141342655
1.37	0.1516480202762885	0.7450555298880762
1.38	0.14390191498910793	0.7450431549601219
1.3900000000000006	0.13617179645879024	0.7449535003776417
1.4000000000000004	0.12845840318568377	0.7447868839472128
1.4100000000000001	0.12076246898609602	0.7445436301947013
1.42	0.11308472293483139	0.7442240703047551
1.4299999999999997	0.10542588930844693	0.7438285420598496
1.4400000000000004	0.09778668752923263	0.7433573897788887
1.4500000000000002	0.09016783210992262	0.7428109642553742
1.46	0.08257003259912982	0.7421896226951505
1.4699999999999998	0.07499399352752044	0.7414937286537308
1.4800000000000004	0.06744041435472015	0.7407236519732155
1.4900000000000002	0.05990998941696253	0.7398797687188102
1.5	0.052403407875471514	0.7389624611149497
1.5099999999999998	0.044921353665593855	0.737972117481039
1.5200000000000005	0.03746450544667289	0.7369091321668183
1.5300000000000002	0.030033536552674097	0.7357739054873598
1.54	0.022629114943553817	0.7345668436577042
1.5499999999999998	0.015251903157386528	0.7332883587271465
1.5600000000000005	0.007902558263241995	0.7319388685131785
1.5700000000000003	0.0005817318148220928	0.7305187965350968
1.58	-0.006709930195151341	0.7290285719472825
1.5899999999999999	-0.013971787379782887	0.7274686294721641
1.6000000000000005	-0.021203205002092957	0.7258394093328686
1.6100000000000003	-0.028403554018340934	0.7241413571855727
1.62	-0.035572211120590856	0.722374924051557
1.63	-0.042708558778505455	0.7205405662489777
1.6400000000000006	-0.049811985280377516	0.7186387453243582
1.6500000000000004	-0.05688188477338972	0.7166699279838146
1.6600000000000001	-0.06391765730311198	0.714634586024017
1.67	-0.07091870885222257	0.7125331962628999
1.6799999999999997	-0.07788445137846169	0.7103662404701282
1.6900000000000004	-0.08481430285181318	0.7081342052973254
1.7000000000000002	-0.09170768729091094	0.7058375822080757
1.71	-0.09856403479867817	0.7034768674077039
1.7199999999999998	-0.1053827815971868	0.7010525617728446
1.7300000000000004	-0.11216337006174619	0.6985651707808079
1.7400000000000002	-0.11890524875421371	0.6960152044387501
1.75	-0.12560787245553606	0.6934031772126541
1.7599999999999998	-0.1322707021975092	0.6907296079561341
1.7700000000000005	-0.1388932052937663	0.6879950198390676
1.7800000000000002	-0.1454748553699866	0.6851999402760639
1.79	-0.15201513239333417	0.6823449008547777
1.7999999999999998	-0.15851352270111535	0.6794304372640768
1.8100000000000005	-0.1649695190286638	0.6764570892220692
1.8200000000000003	-0.17138262053644707	0.6734254004040016
1.83	-0.17775233283640363	0.670335918370032
1.8399999999999999	-0.1840781680174994	0.6671891944928907
1.8500000000000005	-0.19035964467051358	0.6639857838854308
1.8600000000000003	-0.19659628791204709	0.6607262453280843
1.87	-0.20278762940776365	0.6574111411962219
1.88	-0.20893320739485277	0.6540410373874336
1.8900000000000006	-0.2150325667037241	0.6506165032487323
1.9000000000000004	-0.2210852587789278	0.647138111503691
1.9100000000000001	-0.2270908416993103	0.643606438179519
1.92	-0.23304888019739545	0.6400220625340869
1.9299999999999997	-0.2389589456780006	0.6363855669829088
1.9400000000000004	-0.2448206162360859	0.6326975370260862
1.9500000000000002	-0.2506334766738346	0.6289585611752255
1.96	-0.25639711851697583	0.6251692308803326
1.9699999999999998	-0.26211114003033703	0.6213301404566957
1.9800000000000004	-0.26777514623264	0.6174418870117624
1.9900000000000002	-0.2733887489105323	0.6135050703720193
2.	-0.27895156663186615	0.6095202930098793
2.01	-0.2844632247582151	0.6054881599705889
2.0200000000000005	-0.28992335545663867	0.6014092787991583
2.0300000000000002	-0.2953315977106904	0.5972842594673251
2.04	-0.30068759733068023	0.5931137143005558
2.05	-0.30599100696318143	0.5888982579050965
2.0600000000000005	-0.31124148609979346	0.5846385070950765
2.0700000000000003	-0.31643870108515687	0.580335080819676
2.08	-0.32158232512422885	0.575988600090359
2.09	-0.32667203828881347	0.5715996879081866
2.1000000000000005	-0.3317075275233561	0.5671689691912115
2.1100000000000003	-0.33668848664999823	0.5626970707019663
2.12	-0.34161461637290297	0.5581846209750444
2.13	-0.34648562428184443	0.5536322502447919
2.1400000000000006	-0.3513012248550709	0.5490405903731084
2.1500000000000004	-0.3560611394614393	0.5444102747773689
2.16	-0.3607650963618288	0.5397419383584695
2.17	-0.36541283070983177	0.5350362174290093
2.1799999999999997	-0.37000408455172595	0.53029374964161
2.1900000000000004	-0.37453860682573326	0.5255151739173844
2.2	-0.379016153360563	0.520701130374559
2.21	-0.38343648687325094	0.5158522602572537
2.2199999999999998	-0.38779937696628664	0.5109692058644343
2.2300000000000004	-0.39210460012404097	0.5060526104790339
2.24	-0.39635193970849136	0.5011031182972613
2.25	-0.40054118595425336	0.49612137435808934
2.26	-0.40467213596291524	0.491108024472943
2.2700000000000005	-0.4087445936966853	0.4860637151555857
2.2800000000000002	-0.4127583699713493	0.48098909355221425
2.29	-0.4167132824485492	0.47588480737176375
2.3	-0.42060915562737744	0.4707515048164357
2.3100000000000005	-0.4244458208352991	0.4655898345124512
2.3200000000000003	-0.42822311621839687	0.4604004454410369
2.33	-0.4319408867309533	0.4551839868696478
2.34	-0.43559898412436326	0.4499411082834371
2.3500000000000005	-0.43919726693538697	0.44467245931697563
2.3600000000000003	-0.4427356004737444	0.43937868968623106
2.37	-0.4462138568090588	0.43406044912080444
2.38	-0.4496319147571488	0.42871838729644224
2.3900000000000006	-0.4529896598656749	0.42335315376781896
2.4000000000000004	-0.45628698439914467	0.4179653979016047
2.41	-0.45952378732328214	0.41255576880981365
2.42	-0.4626999742887627	0.4071249152834509
2.4299999999999997	-0.4658154576143186	0.40167348572645395
2.4400000000000004	-0.4688701562692216	0.39620212808993904
2.45	-0.4718639958551428	0.39071148980675907
2.46	-0.4747969085873998	0.3852022177263714
2.4699999999999998	-0.47766883327558873	0.3796749580500314
2.4800000000000004	-0.48047971530361233	0.374130356266309
2.49	-0.4832295066091021	0.36856905708693966
2.5	-0.48591816566224605	0.36299170438300693
2.51	-0.48854565744402034	0.3573989411214721
2.5200000000000005	-0.49111195342383274	0.3517914093020477
2.5300000000000002	-0.4936170315365813	0.3461697498944275
2.54	-0.496060876159136	0.34053460277586733
2.55	-0.49844347808624223	0.33488660666913506
2.5600000000000005	-0.5007648345058571	0.3292263990808242
2.5700000000000003	-0.5030249489739179	0.3235546162400429
2.58	-0.5052238313885543	0.31787189303747587
2.59	-0.507361497963741	0.3121788629648333
2.6000000000000005	-0.5094379712024033	0.30647615805468353
2.6100000000000003	-0.5114532798689744	0.30076440882068006
2.62	-0.5134074589614152	0.2950442441981807
2.63	-0.5153005496826973	0.28931629148527194
2.6400000000000006	-0.5171325994117557	0.2835811762841956
2.6500000000000004	-0.5189036616739163	0.27783952244318866
2.66	-0.5206137961108053	0.2720919519987326
2.67	-0.5222630684497414	0.26633908511822507
2.6799999999999997	-0.5238515504726201	0.26058154004307355
2.6900000000000004	-0.5253793199842939	0.2548199330322149
2.7	-0.5268464607804518	0.2490548783060693
2.71	-0.5282530626150083	0.24328698799092383
2.7199999999999998	-0.529599221167001	0.23751687206376124
2.7300000000000004	-0.5308850380070077	0.23174513829752844
2.74	-0.5321106205630843	0.22597239220685567
2.75	-0.5332760820862327	0.22019923699422123
2.76	-0.5343815416153997	0.21442627349657645
2.7700000000000005	-0.5354271239420175	0.20865410013242638
2.7800000000000002	-0.5364129595740867	0.2028833128493756
2.79	-0.5373391846998103	0.19711450507213452
2.8	-0.5382059411507834	0.19134826765100077
2.8100000000000005	-0.5390133763647429	0.18558518881080993
2.8200000000000003	-0.5397616433478861	0.17982585410036592
2.83	-0.54045090063676	0.17407084634234546
2.84	-0.5410813122597296	0.16832074558369142
2.8500000000000005	-0.5416530476980291	0.1625761290464881
2.8600000000000003	-0.5421662818464046	0.1568375710793298
2.87	-0.5426211949733495	0.15110564310917635
2.88	-0.5430179726809428	0.14538091359370886
2.8900000000000006	-0.543356805864293	0.1396639479741814
2.9000000000000004	-0.5436378906705956	0.13395530862877664
2.91	-0.5438614284578078	0.12825555482646042
2.92	-0.5440276257529485	0.12256524268134887
2.9300000000000006	-0.5441366942100264	0.1168849251075813
2.9400000000000004	-0.5441888505676068	0.11121515177470927
2.95	-0.5441843166060168	0.10555646906359466
2.96	-0.5441233191042011	0.09990942002283086
2.9699999999999998	-0.5440060897962283	0.09427454432568075
2.9800000000000004	-0.5438328653274597	0.0886523782275372
2.99	-0.5436038872103793	0.08304345452391056
3.	-0.5433194017801003	0.07744830250893792
3.01	-0.5429796601495428	0.07186744793442656
3.0199999999999996	-0.542584918164299	0.06630141296942585
3.0299999999999994	-0.5421354363571851	0.06075071616033309
3.040000000000001	-0.5416314799024895	0.055215872391533506
3.0500000000000007	-0.5410733185699204	0.049697392846582464
3.0600000000000005	-0.5404612266782615	0.04419578496991679
3.0700000000000003	-0.53979548304874	0.038711552429117065
3.08	-0.5390763709581134	0.03324519507770743
3.09	-0.5383041780914818	0.027797208918500918
3.0999999999999996	-0.5374791964948299	0.0223680860674907
3.1099999999999994	-0.5366017225273069	0.016958314718288924
3.120000000000001	-0.5356720568132481	0.011568379107113629
3.130000000000001	-0.5346905041939474	0.0061987594783310266
3.1400000000000006	-0.5336573736791818	0.0008499320505400259
3.1500000000000004	-0.5325729783984988	-0.004477631016780414
3.16	-0.5314376355522703	-0.009783461656074265
3.17	-0.5302516663625187	-0.015067095923954818
3.1799999999999997	-0.5290153960235229	-0.020328074032894265
3.1899999999999995	-0.5277291536522081	-0.025565940382355476
3.1999999999999993	-0.5263932722383271	-0.030780243589364834
3.210000000000001	-0.525008088594439	-0.03597053651852632
3.2200000000000006	-0.5235739433056904	-0.04113637631147026
3.2300000000000004	-0.5220911806794041	-0.04627732441574972
3.24	-0.5205601486944851	-0.05139294661316555
3.25	-0.5189811989506461	-0.056482813047533054
3.26	-0.5173546866174603	-0.06154649825188414
3.2699999999999996	-0.5156809703832469	-0.06658358117510527
3.2799999999999994	-0.5139604124037954	-0.07159364520801091
3.290000000000001	-0.5121933782509344	-0.07657627820885249
3.3000000000000007	-0.5103802368609528	-0.0815310725282577
3.3100000000000005	-0.5085213604828748	-0.08645762503361261
3.3200000000000003	-0.5066171246265999	-0.09135553713286881
3.33	-0.5046679080109114	-0.09622441479778891
3.34	-0.5026740925113579	-0.10106386858662432
3.3499999999999996	-0.500636063108016	-0.10587351366622669
3.3599999999999994	-0.4985542078331399	-0.11065296983359262
3.370000000000001	-0.4964289177187025	-0.11540186153684294
3.380000000000001	-0.4942605867438355	-0.12011981789563081
3.3900000000000006	-0.49204961178217055	-0.12480647272099217
3.4000000000000004	-0.4897963925490945	-0.1294614645346217
3.41	-0.48750133154891717	-0.13408443658758698
3.42	-0.48516483402196103	-0.1386750368784761
3.4299999999999997	-0.48278730789157986	-0.14323291817098033
3.4399999999999995	-0.48036916371110766	-0.14775773801091197
3.4499999999999993	-0.47791081461074886	-0.1522491587426577
3.460000000000001	-0.4754126762444112	-0.1567068475250694
3.4700000000000006	-0.47287516673649155	-0.1611304763467872
3.4800000000000004	-0.47029870662861356	-0.16551972204100895
3.49	-0.46768371882633114	-0.16987426629968913
3.5	-0.465030628545797	-0.17419379568718102
3.51	-0.4623398632604054	-0.1784780016533182
3.5199999999999996	-0.45961185264741267	-0.1827265805459362
3.5299999999999994	-0.45684702853454284	-0.18693923362283643
3.540000000000001	-0.45404582484658274	-0.19111566706319288
3.5500000000000007	-0.45120867755197397	-0.19525559197839917
3.5600000000000005	-0.44833602460940297	-0.1993587244223677
3.5700000000000003	-0.4454283059144008	-0.20342478540126718
3.58	-0.4424859632459536	-0.20745350088271108
3.59	-0.43950944021313104	-0.21144460180439373
3.5999999999999996	-0.43649918220173767	-0.21539782408217598
3.6099999999999994	-0.43345563632099315	-0.219312908617622
3.620000000000001	-0.4303792513502458	-0.22318960130498935
3.630000000000001	-0.4272704776857277	-0.2270276530376689
3.6400000000000006	-0.42412976728735	-0.23082681971408786
3.6500000000000004	-0.4209575736255534	-0.23458686224306244
3.66	-0.4177543516282108	-0.2383075465486125
3.67	-0.4145205576275919	-0.24198864357423588
3.6799999999999997	-0.4112566493073936	-0.24562992928664487
3.6899999999999995	-0.40796308564984124	-0.24923118467896593
3.700000000000001	-0.4046403268828659	-0.25279219577340606
3.710000000000001	-0.4012888344273663	-0.2563127536233831
3.7200000000000006	-0.39790907084455135	-0.25979265431513177
3.7300000000000004	-0.3945014997833806	-0.2632316989687746
3.74	-0.3910665859280983	-0.2666296937388688
3.75	-0.38760479494587075	-0.2699864498144292
3.76	-0.38411659343452975	-0.27330178341842665
3.7699999999999996	-0.380602448870429	-0.2765755158067672
3.7799999999999994	-0.3770628295564167	-0.27980747326675287
3.790000000000001	-0.37349820456992977	-0.2829974871150266
3.8000000000000007	-0.3699090437112182	-0.28614539369500036
3.8100000000000005	-0.3662958174516944	-0.2892510343737783
3.8200000000000003	-0.36265899688242575	-0.2923142555385642
3.83	-0.3589990536627648	-0.2953349085925655
3.84	-0.35531645996912675	-0.29831284995039276
3.8499999999999996	-0.3516116884439174	-0.3012479410329563
3.8599999999999994	-0.34788521214461676	-0.30414004826186514
3.870000000000001	-0.344137504493022	-0.3069890430533282
3.880000000000001	-0.34036903922465883	-0.3097948018115603
3.8900000000000006	-0.3365802903383553	-0.31255720592170083
3.9000000000000004	-0.33277173204599625	-0.31527614174223895
3.91	-0.3289438387224534	-0.31795150059695587
3.92	-0.3250970848556985	-0.3205831787663825
3.9299999999999997	-0.3212319449971035	-0.3231710774787776
3.9399999999999995	-0.3173488937119343	-0.32571510290062794
3.950000000000001	-0.3134484055300378	-0.3282151661266743
3.960000000000001	-0.30953095489673416	-0.33067118316946364
3.9700000000000006	-0.3055970161239074	-0.3330830749484375
3.9800000000000004	-0.3016470633413102	-0.3354507672785488
3.99	-0.29768157044808097	-0.33777419085842
4.	-0.29370101106447666	-0.3400532812580398
4.01	-0.2897058584838293	-0.3422879789060042
4.02	-0.2856965856247268	-0.34447822907630354
4.029999999999999	-0.281673664983424	-0.34662398187466
4.040000000000001	-0.27763756858648725	-0.3487251922244181
4.050000000000001	-0.2735887679436798	-0.35078181985199
4.0600000000000005	-0.2695277340010819	-0.35279382927186337
4.07	-0.26545493709446355	-0.35476118977116966
4.08	-0.261370846902904	-0.3566838753938193
4.09	-0.25727593240266394	-0.35856186492420644
4.1	-0.2531706618213158	-0.36039514187048755
4.109999999999999	-0.24905550259213446	-0.36218369444743503
4.120000000000001	-0.24493092130875185	-0.3639275155588725
4.130000000000001	-0.24079738368008335	-0.36562660277969095
4.140000000000001	-0.23665535448551855	-0.36728095833745555
4.15	-0.23250529753039492	-0.36889058909359973
4.16	-0.22834767560174626	-0.37045550652421444
4.17	-0.22418295042433473	-0.37197572670043594
4.18	-0.2200115826169683	-0.3734512702684339
4.1899999999999995	-0.21583403164910736	-0.37488216242900474
4.200000000000001	-0.21165075579776346	-0.3762684329167747
4.210000000000001	-0.20746221210469715	-0.37761011597901284
4.220000000000001	-0.20326885633390762	-0.37890725035406414
4.23	-0.1990711429294324	-0.3801598792493991
4.24	-0.1948695249734483	-0.38136805031928805
4.25	-0.19066445414468206	-0.38253181564210453
4.26	-0.18645638067713247	-0.3836512316972581
4.27	-0.1822457533191075	-0.3847263593417633
4.279999999999999	-0.17803301929257892	-0.3857572637864483
4.290000000000001	-0.17381862425285685	-0.3867440145718057
4.300000000000001	-0.16960301224859176	-0.38768668554349034
4.3100000000000005	-0.1653866256820954	-0.38858535482746975
4.32	-0.16116990526999828	-0.38944010480482705
4.33	-0.15695329000423588	-0.3902510220862248
4.34	-0.15273721711336988	-0.3910181974860306
4.35	-0.14852212202424692	-0.39174172599611035
4.359999999999999	-0.14430843832399778	-0.39242170675929217
4.370000000000001	-0.14009659772237798	-0.39305824304250575
4.380000000000001	-0.13588703001445762	-0.39365144220960013
4.390000000000001	-0.13168016304365132	-0.3942014156938462
4.4	-0.12747642266510564	-0.3947082789701248
4.41	-0.12327623270943563	-0.3951721515268079
4.42	-0.11908001494681673	-0.3955931568373346
4.43	-0.11488818905143396	-0.3959714223314873
4.4399999999999995	-0.1107011725662905	-0.39630707936637166
4.450000000000001	-0.10651938086837741	-0.396600263197105
4.460000000000001	-0.10234322713421073	-0.39685111294721725
4.470000000000001	-0.09817312230572722	-0.3970597715787684
4.48	-0.0940094750565555	-0.3972263858621863
4.49	-0.08985269175865365	-0.39735110634583076
4.5	-0.08570317644931967	-0.3974340873252863
4.51	-0.08156133079857575	-0.3974754868123881
4.52	-0.07742755407692867	-0.39747546650398696
4.529999999999999	-0.07330224312350779	-0.3974341917504557
4.540000000000001	-0.069185792314582	-0.39735183152394243
4.550000000000001	-0.06507859353246154	-0.3972285583863745
4.5600000000000005	-0.060981036134775415	-0.39706454845721756
4.57	-0.05689350692414103	-0.3968599813809942
4.58	-0.052816390118216296	-0.3966150402945664
4.59	-0.04875006732014025	-0.3963299117941857
4.6	-0.04469491748936322	-0.39600478590231675
4.609999999999999	-0.040651316912867705	-0.39563985603423685
4.620000000000001	-0.036619639176780835	-0.3952353189644167
4.630000000000001	-0.032600255138384056	-0.3947913747926877
4.640000000000001	-0.028593532898510608	-0.3943082269101976
4.65	-0.024599837774346527	-0.3937860819651618
4.66	-0.02061953227262542	-0.3932251498284126
4.67	-0.01665297606322283	-0.3926256435587518
4.68	-0.012700525953150313	-0.39198777936811074
4.6899999999999995	-0.008762535860950557	-0.39131177658652155
4.700000000000001	-0.004839356791493791	-0.3905978576269056
4.710000000000001	-0.000931336811180689	-0.3898462479496821
4.720000000000001	0.0029611789764576834	-0.38905717602720097
4.73	0.006837848454748052	-0.38823087330800626
4.74	0.010698332517460827	-0.3873675741809328
4.75	0.014542295091988679	-0.38646751593904055
4.76	0.01836940316211773	-0.38553093874339245
4.77	0.022179326790390582	-0.3845580855866782
4.779999999999999	0.025971739140060613	-0.3835492022566903
4.790000000000001	0.029746316496637348	-0.3825045372996549
4.800000000000001	0.033502738289018494	-0.3814243419834235
4.8100000000000005	0.03724068711021807	-0.38030887026052856
4.82	0.04095984873767661	-0.37915837873110797
4.83	0.044659912153163145	-0.37797312660570326
4.84	0.048340569562264575	-0.3767533756679349
4.85	0.052001516413462456	-0.3754993902370593
4.859999999999999	0.05564245141679725	-0.3742114371304132
4.870000000000001	0.059263076562120064	-0.37288978562574715
4.880000000000001	0.06286309713692784	-0.3715347074234558
4.890000000000001	0.0664422217437917	-0.3701464766087053
4.9	0.07000016231736508	-0.3687253696134666
4.91	0.0735366341409813	-0.36727166517845494
4.92	0.07705135586283682	-0.3657856443149833
4.93	0.0805440495117605	-0.36426759026673067
4.9399999999999995	0.08401444051256911	-0.3627177884714331
4.950000000000001	0.08746225770100968	-0.36113652652249806
4.960000000000001	0.09088723333828504	-0.3595240941305503
4.970000000000001	0.09428910312517207	-0.3578807830849096
4.98	0.0976676062157204	-0.3562068872150076
4.99	0.10102248523054105	-0.3545027023517468
5.	0.1043534862696817	-0.35276852628880606