4.148794259668252771e+00
3.886973642322902656e+00
4.177862526397832177e+00
3.915134481909094077e+00
3.743559189563384404e+00
4.337787069784254435e+00
3.780070310078222473e+00
4.005182947877375277e+00
3.747188175973980240e+00
4.102446681777315973e+00
3.867877812623824685e+00
4.224646799066934300e+00
4.249729820926248181e+00
4.046432244313417748e+00
4.049925094114121826e+00
3.920040963061250494e+00
3.812276193480011788e+00
4.297160085117971207e+00
4.009050387214217359e+00
3.766723715793895533e+00
3.956472081502766081e+00
4.102411729213777392e+00
4.083855446894234298e+00
4.009297593210300548e+00
4.196532283364199145e+00
3.989707486082595622e+00
3.839746705611599253e+00
4.041469174751684434e+00
4.018286466975888871e+00
3.838998111457199602e+00
4.101059309477829373e+00
4.184918597211781943e+00
3.958533318000283963e+00
4.000098345804060429e+00
4.390956445915125350e+00
4.065825071407068059e+00
3.985195402571642287e+00
3.636415715542040239e+00
4.110994689637859523e+00
4.167176588320335107e+00
3.786979447743791916e+00
4.092586359676476881e+00
4.164653333624251275e+00
4.253756573732509594e+00
3.677888267452293469e+00
4.032709150252346220e+00
4.355332435562288218e+00
4.337228218020908521e+00
3.630072692518073296e+00
4.081870081059598476e+00
3.934546542789450374e+00
3.893973756902932681e+00
4.051895184141947936e+00
3.712537646447588102e+00
4.301008355053128618e+00
4.084310507503394305e+00
4.142194163887740643e+00
4.100204787139258400e+00
4.330986395606678308e+00
3.559152613541564758e+00
3.825331200733707249e+00
4.074563392467034362e+00
4.259742413390329219e+00
3.995670504003991486e+00
4.236990399420220932e+00
4.291790758094933267e+00
4.251149585683155152e+00
4.093992240998047372e+00
3.850748075547199445e+00
3.887356333363940042e+00
3.970836423964767103e+00
3.848302075015062051e+00
4.036383665907180784e+00
4.188442619575400983e+00
3.587284057101994605e+00
3.908383250406063603e+00
4.034534078457023831e+00
4.010952008234375477e+00
3.924546081475425829e+00
3.929619507402253742e+00
4.012880507975646438e+00
4.092160831924162245e+00
3.661719477222564301e+00
4.154525495922284151e+00
3.954982498144416159e+00
4.039664230304568449e+00
3.860120019548953785e+00
3.976052775603823530e+00
3.738656833056058115e+00
4.158091510581285455e+00
4.188386658359966930e+00
4.228424141556274662e+00
3.668515236313992567e+00
3.954703414201121259e+00
3.956439449099380834e+00
3.606042171816252750e+00
4.156162939317802341e+00
3.853290519688821192e+00
3.438758921738191532e+00
3.927099742939419436e+00
4.124142859425832697e+00
3.763175749204854093e+00
3.841702140178449909e+00
4.119778734564210509e+00
4.131915791477389632e+00
4.107451433583729106e+00
3.537041272866847219e+00
3.953312240666772226e+00
3.964208883422689844e+00
4.062458407914127712e+00
4.082123025304288610e+00
4.522249095299229360e+00
3.898883848216142312e+00
3.837351377922676221e+00
3.999960133018133135e+00
4.139083201394491596e+00
3.948584644978952340e+00
4.064004571940243338e+00
4.241066200369457917e+00
4.292573983473052301e+00
4.242611859606329361e+00
3.936714841954390476e+00
3.769988899914617164e+00
4.059061129815660252e+00
3.914037652672097689e+00
3.857959647590493812e+00
4.380915275934461839e+00
3.912803788090367885e+00
4.114572807285139966e+00
4.034193405371207852e+00
4.253628874055432441e+00
4.358502474987830055e+00
3.952511675835279625e+00
4.036053650403379933e+00
4.248064995468707750e+00
3.859634557113014175e+00
4.069323721400737170e+00
3.757678998446499108e+00
4.100969547617502542e+00
3.955920497979452666e+00
3.871928200748096405e+00
3.945132086036133412e+00
4.009615234886694246e+00
3.927256246929328842e+00
4.282269502744664891e+00
4.016200061160879464e+00
3.625470647321634488e+00
4.355576993850884371e+00
3.839042385581062700e+00
4.002975523777401179e+00
3.849517902428567506e+00
3.990276843040122312e+00
3.747431660993182145e+00
3.985711461207563477e+00
3.875048488178391093e+00
4.002418436432431115e+00
4.337209390091087080e+00
4.185936470260753772e+00
3.688642191721520636e+00
4.524212266940523364e+00
4.360913556402952196e+00
3.864064912930838869e+00
4.392388532626843478e+00
3.965754519890410279e+00
3.982804994546820687e+00
4.171670837546813004e+00
3.929931785705742087e+00
3.892091116380041349e+00
3.819294172644956298e+00
4.078570727345186775e+00
4.242588228018945529e+00
3.800240913698831324e+00
4.099420573256641553e+00
3.930846718520348837e+00
3.632013322916667786e+00
3.855554882548461570e+00
4.081063983331751466e+00
3.839798792661752724e+00
4.066336043194966443e+00
4.312585507946045560e+00
3.980916192937238307e+00
3.789665418497777605e+00
3.957870034989947605e+00
4.198016627634920006e+00
4.018643833900742202e+00
3.805137494411416910e+00
4.090556606631330361e+00
3.819465148057491710e+00
3.774666734296444837e+00
3.970520252436882114e+00
3.679817176800324052e+00
4.344098745309132426e+00
4.395617956856748165e+00
3.898923093665787931e+00
4.100868414259019268e+00
3.834978682769981884e+00
4.043126394158989001e+00
4.059716119655347732e+00
3.673481582384455546e+00
3.932036295803579939e+00
4.101023123409626159e+00
3.877261748390119056e+00
3.923779354545117837e+00
3.870644140515823395e+00
3.815391798063805240e+00
3.869521995865707442e+00
3.726997048532689316e+00
4.177557464006832255e+00
3.949457244639583031e+00
4.167253321534053256e+00
3.998308383471901095e+00
3.989116729221902080e+00
4.077175771266857041e+00
3.957194950440625192e+00
3.966018726814811490e+00
3.769230473146092386e+00
3.743193519455784379e+00
4.160808994876436628e+00
3.942856908430609320e+00
3.851865208406060059e+00
3.741870630809725817e+00
3.904411203856662738e+00
4.219475738429101064e+00
3.872871241383319063e+00
4.216727014506391313e+00
4.219629936948487092e+00
4.021126426280814847e+00
4.250920979946831935e+00
3.996328439374397412e+00
4.106844912975573969e+00
4.024638714954818397e+00
4.181125223855174156e+00
3.983915879531807924e+00
3.946682160382458004e+00
3.784999390997688451e+00
3.755050770942895522e+00
4.147305549376604894e+00
4.393047390062916335e+00
4.256111443753640700e+00
4.264504341299847567e+00
4.019491110351668617e+00
4.009935072136714851e+00
4.014316255692115476e+00
4.234070466437954927e+00
3.741272322460039046e+00
3.775440924323125280e+00
3.976809590627086610e+00
3.675337143672479545e+00
3.996654902958022948e+00
3.985073318466466841e+00
4.088439999194338093e+00
3.913902968633063750e+00
4.002084928829474642e+00
3.922436682478802616e+00
3.891108450484363157e+00
4.041910687032507887e+00
3.640673401750019966e+00
4.054963690178081670e+00
4.022309861147846277e+00
3.796134312005093658e+00
3.950336269471116157e+00
3.711574251102919941e+00
3.918793623245973023e+00
3.678052700203347847e+00
3.771018880507148285e+00
3.890748179815311403e+00
3.894760911714115537e+00
3.945922577694093825e+00
4.083226974395524955e+00
3.992692023467935503e+00
3.675412858789790960e+00
3.978897181356226387e+00
3.904527252058432651e+00
4.114352885432908558e+00
4.147636291732750280e+00
4.270245480335927546e+00
4.164769233147407768e+00
3.658897217122221157e+00
4.041150926294033496e+00
4.099544614339050597e+00
4.168732276298015016e+00
3.671083169589420159e+00
4.058172419300119849e+00
4.059444856079302610e+00
4.059243313704989475e+00
4.049576454374252954e+00
4.316612384561326898e+00
3.905775665475318181e+00
3.767006946569101622e+00
3.684637825699331959e+00
4.053754459221513784e+00
4.076426698024591566e+00
4.185726175819584505e+00
3.661190405876783238e+00
4.183384822029413641e+00
4.037035138153906466e+00
3.855530220625626558e+00
4.051078384173367297e+00
3.941178515575119334e+00
4.147093571897872977e+00
4.046417767371323748e+00
4.320145794458039035e+00
3.908004905323659184e+00
4.080339729238387392e+00
3.797085057977198197e+00
3.738581900061666463e+00
3.702224646207121328e+00
4.494612000866372803e+00
4.071461728161726690e+00
4.217282839825672092e+00
4.002007716881732513e+00
3.963858381832699784e+00
4.187587483870132132e+00
4.142806144837717142e+00
3.878496609293177855e+00
3.935947633353067854e+00
4.190615208533094105e+00
3.716374252268630496e+00
3.763370002080314691e+00
3.936936322359962492e+00
3.977727857638773568e+00
4.127917556482260331e+00
3.935128908929113045e+00
4.309694811281762128e+00
4.154626452592298236e+00
4.196254264680264967e+00
4.074060667615450271e+00
3.877016720659025584e+00
3.976887606691789312e+00
3.484707718397711762e+00
4.222197775324112001e+00
4.063521556935029366e+00
3.837948704125381028e+00
3.883219710318284168e+00
3.820592141461870650e+00
4.248653752649286908e+00
4.265486431942992596e+00
3.659745145523566112e+00
3.811115825194026474e+00
3.961719879176260228e+00
3.946276644218460916e+00
4.141406578878771505e+00
3.882220160385973173e+00
4.389637425386485603e+00
3.942036029873017711e+00
3.778974922144711535e+00
4.037846599522927349e+00
3.925798255916587820e+00
3.860034564475952834e+00
4.259849531267172473e+00
4.008288535500086347e+00
3.838034252893102405e+00
4.439498129664293913e+00
3.813984081751241373e+00
3.527504715574960148e+00
4.046725596382948709e+00
4.051823016054973969e+00
4.280705101183456485e+00
3.926977160887952234e+00
3.526860620808073943e+00
4.058395805411191937e+00
3.670355782699078695e+00
4.108459457075653631e+00
3.705736505606363362e+00
4.225562693631861322e+00
4.246286477120719383e+00
3.758457218285162771e+00
4.138629171497833603e+00
4.050053621966924311e+00
4.268405945660672884e+00
4.005669919993011696e+00
4.243827114668130562e+00
3.720764444551071470e+00
4.247601233095646300e+00
4.256471868501220612e+00
3.980744583983850227e+00
3.895973694184143632e+00
4.199360054153720156e+00
4.249164480354902018e+00
3.762517539162382629e+00
3.872619054577709274e+00
3.895818096448479650e+00
3.519556155536094355e+00
3.971176927003185586e+00
4.568969149378959038e+00
3.829886444443937776e+00
4.135211890699785897e+00
4.317385764494008349e+00
4.312261563893340366e+00
4.190206246359728937e+00
3.938839274612989438e+00
3.985256545557004593e+00
3.707388679288968980e+00
3.732738631598780721e+00
4.333483178620613607e+00
4.117355935645497844e+00
4.146901125942722643e+00
4.195283022981843857e+00
4.071224222610599242e+00
3.889472180547181246e+00
4.125206662581980765e+00
4.186284081356559383e+00
3.770965608403570535e+00
4.274443503744008943e+00
3.924201199442493682e+00
4.429378913068892309e+00
3.946777092212331972e+00
4.068342922391599892e+00
3.958700403535051038e+00
4.016447300464849768e+00
4.309409977523769086e+00
4.058034368551670212e+00
4.115344331093138130e+00
3.828777598238973567e+00
4.280313119871590466e+00
4.118174036254915293e+00
4.287354040950470235e+00
3.991603226166629437e+00
4.191715637860492727e+00
3.894011732236110745e+00
4.000934195631432821e+00
4.312482355148961055e+00
4.171669194161299110e+00
4.023561161385348584e+00
3.850068321482734479e+00
3.789155850336046960e+00
3.874337010492813427e+00
3.812853681153879126e+00
3.801711048287751193e+00
4.300071739076584798e+00
4.240449113634774392e+00
3.874826238003637791e+00
3.929342988251012692e+00
3.954647864991714279e+00
4.321246770584293628e+00
3.723068236238813000e+00
3.901553372237188899e+00
4.022468858885883236e+00
4.012310922417380965e+00
4.003948330072507389e+00
4.272519618304403188e+00
3.801399710205924709e+00
3.933362746075828920e+00
3.994258573363848264e+00
3.692543921334131340e+00
4.184435508057262609e+00
3.678800002984876194e+00
3.753189991931440872e+00
4.236334919415345901e+00
4.073628468815647885e+00
3.642542735098268647e+00
3.769068010290169468e+00
3.914267827174733316e+00
4.170029492002441884e+00
4.045605979369492289e+00
3.831246146990115786e+00
4.250947398695064550e+00
4.144668351693524322e+00
4.384976125016501136e+00
4.164602161994105600e+00
4.114356372016120922e+00
4.320305241885545655e+00
4.075340608195096692e+00
3.917619409232391270e+00
4.018986962107693017e+00
3.928540257669832059e+00
4.289902396368263204e+00
3.942305419923380683e+00
4.008734653209393706e+00
4.211089239105313631e+00
4.276049466930089693e+00
4.107675055998874392e+00
3.663424800616513544e+00
4.328592974208497424e+00
3.995099247622560412e+00
4.207130216063566408e+00
4.141940332729192598e+00
3.903939449464685296e+00
3.921699574186190418e+00
4.163834043722533629e+00
4.239393115608039331e+00
3.910092543435052193e+00
3.840316139509413418e+00
3.619905914948403414e+00
3.811776099532347750e+00
4.073419026134750709e+00
4.261421351757885390e+00
3.952516147897673360e+00
4.270390472385651393e+00
3.750076329832965794e+00
3.592848669982579679e+00
4.314569703922084720e+00
3.964011898732890060e+00
3.790080734191688006e+00
3.934103929474156658e+00
3.944353941467066971e+00
4.390636736055858691e+00
4.166993863266228892e+00
3.965060223941597517e+00
4.070065239994534956e+00
4.144490902249430953e+00
4.126032154003254959e+00
4.024300651586091071e+00
4.119785371487881598e+00
3.798335855674605188e+00
3.753653117605801448e+00
3.995067655567481779e+00
4.137352385495344009e+00
4.018005420203899725e+00
3.734459218928635860e+00
4.073926089644285042e+00
4.158593816780391528e+00
4.105669675229096427e+00
3.970021409231988763e+00
4.135064440025184140e+00
4.224794217311803379e+00
3.987198439584009435e+00
4.179661424888688970e+00
4.056134343663392983e+00
3.874427359691673622e+00
4.115422474588181778e+00
4.021165906658072942e+00
4.073151591369604141e+00
4.301436421732253379e+00
3.820284872877398819e+00
3.669105857065448006e+00
4.070322944635261564e+00
3.968934584536106591e+00
4.031674721231040870e+00
3.761410354743566664e+00
3.815327085603759549e+00
4.095717075145469011e+00
4.246082668676319116e+00
3.974627531601730102e+00
4.163697625672261537e+00
4.050583738212182539e+00
3.813249745761110088e+00
4.080050230249699261e+00
3.917022050954920509e+00
4.146416733524634246e+00
4.143647150447348437e+00
3.836624898130213346e+00
3.563073762282915613e+00
3.918681132650787990e+00
3.423856524160336257e+00
4.100005046176495860e+00
3.748914953746631973e+00
3.967310078741786317e+00
3.790739649794846677e+00
3.923615216232118730e+00
4.136928661365998572e+00
3.885546325448219207e+00
4.238163200053537416e+00
3.742881472582561653e+00
4.262500453400964950e+00
3.795880622357783007e+00
4.269396857669623735e+00
4.099521900128106466e+00
3.823532265603339919e+00
4.166499368859320818e+00
4.151514287535899683e+00
3.751144298308534353e+00
4.152947045893077060e+00
3.835887131913757297e+00
4.058995083688007099e+00
4.177927686002202989e+00
4.280351955182955415e+00
4.024783814668949411e+00
4.040475595479848359e+00
4.221311779728825542e+00
3.965462983152467036e+00
3.809831799386637297e+00
4.024306641032329601e+00
3.601050194936969540e+00
4.503736716796590933e+00
4.098976564276481049e+00
3.586702813882427066e+00
4.342324097865299493e+00
3.827851078489159065e+00
3.958538972581382875e+00
4.301466564863048347e+00
4.188745546118613383e+00
3.828005701313573539e+00
4.025053546221797340e+00
3.685353554593699954e+00
3.550122419114123851e+00
4.021797516522020999e+00
3.995162939439180327e+00
4.301336792461898817e+00
3.766675048764875910e+00
4.045236925659231098e+00
4.028874935314694206e+00
4.105850286311556019e+00
4.008811560055508316e+00
3.847953913774362800e+00
4.014125487202872655e+00
4.273603745034002976e+00
4.383400842400885011e+00
3.909806519928871626e+00
4.323927875930893450e+00
4.063212871743526300e+00
4.033722303308159951e+00
4.039582667702325658e+00
3.723032419288461181e+00
4.047233965199282579e+00
3.869808959480466548e+00
3.934720456520720333e+00
3.657420842069248224e+00
3.985628463499617968e+00
4.067286955176533603e+00
3.838443727597939947e+00
3.926093719730284981e+00
3.715687014792263376e+00
4.098298861240471602e+00
3.597974602872305194e+00
4.009762174277269331e+00
4.200291292058012438e+00
3.861507301708222428e+00
4.118070353863882538e+00
3.721829262174573216e+00
3.781956347145670971e+00
3.935814748085576298e+00
4.365200922084811808e+00
4.369321496444666053e+00
3.971859226229304873e+00
4.012520617314323523e+00
4.199076731188259082e+00
3.862177516833887214e+00
3.795842040462890310e+00
4.596270877186604764e+00
4.343589351529245413e+00
4.287795630887260678e+00
4.090869842868234407e+00
4.043930272853349273e+00
3.950938197044792766e+00
4.054572178877799971e+00
3.825724055562140791e+00
3.795440369707575812e+00
3.950298472842110886e+00
4.155878662504562726e+00
3.981273061240055089e+00
4.048309400991219498e+00
3.789833179232652505e+00
3.695738562145820971e+00
3.853279475931113307e+00
3.948739142610612429e+00
4.330073070415529024e+00
4.284956891295581549e+00
3.682073659954617995e+00
3.719490896400466706e+00
3.579952788343757408e+00
4.122582214023929659e+00
4.389329861784871945e+00
3.682935623662921376e+00
4.319289343860077679e+00
3.874985390731843893e+00
3.892924078056725801e+00
4.106823764193145543e+00
4.281377174172707356e+00
4.037941250038643126e+00
3.989718630811070366e+00
4.233061767667753550e+00
4.191465611238285760e+00
3.951847044448181467e+00
3.786506720555264494e+00
4.084155794442272835e+00
4.015517098928769180e+00
4.541827009774760171e+00
4.242833644901893742e+00
4.163303403803072733e+00
3.655124015617905897e+00
4.210908310121796561e+00
3.944859778743674106e+00
3.476129755384375741e+00
3.691376522698862406e+00
3.849553395127000677e+00
3.934992603562818214e+00
4.094555595442496809e+00
4.196262724421808699e+00
4.221788704663505420e+00
4.042712378959098629e+00
4.243914253141229054e+00
3.767183827458160383e+00
4.117128137648061958e+00
3.542594535500422914e+00
4.000759535534720079e+00
4.032552708512068484e+00
3.895330728362107475e+00
4.037526840239523906e+00
3.823427108692755372e+00
4.127372790640908562e+00
4.113907112198616822e+00
3.992997531953296431e+00
3.997476423579563232e+00
4.337419601877458675e+00
4.040406655631206156e+00
3.541532676553039050e+00
4.170475249534639772e+00
3.660224778529582945e+00
3.947212660473596202e+00
3.948892090255652576e+00
4.022087516694519138e+00
3.982146706353018040e+00
4.320294882907392164e+00
4.113632136608724288e+00
4.218614312240421604e+00
3.883304334507553968e+00
4.143649348207421035e+00
4.036643084465247000e+00
3.935719337551276897e+00
3.871135778822887730e+00
4.156471200348643258e+00
3.970531472022837516e+00
4.059909221969795645e+00
4.075581855520109542e+00
3.958232598134221902e+00
4.085388736522370223e+00
3.680960294857559489e+00
3.968038377610516143e+00
3.878482719473326235e+00
4.224840698513913750e+00
3.820453512411335684e+00
4.175772881218697385e+00
4.302259814281304884e+00
4.283247113872389988e+00
4.140149283220590171e+00
3.966662572842740264e+00
3.858541287730368197e+00
4.109085140069558939e+00
4.142017507015462563e+00
4.088990158432554978e+00
3.620633580774239135e+00
3.990308396497151744e+00
4.076822717290171205e+00
3.978222418635836810e+00
3.932120496229755346e+00
4.341450864369550189e+00
4.036290217039118389e+00
3.644264687196715702e+00
3.712274319178994642e+00
3.758219063208848798e+00
4.006788845632618390e+00
3.815465352518840447e+00
3.610735293784664623e+00
3.967189526189480286e+00
4.033144175677654708e+00
4.082218715403469922e+00
3.933912639519991927e+00
4.195960650578422602e+00
3.792407169693443603e+00
3.705798496090796590e+00
3.876105724779801420e+00
4.100333801813261125e+00
3.806406682292540200e+00
3.972257806307601946e+00
4.155347713009231114e+00
4.095511350396874306e+00
3.556602672673063736e+00
3.987221884039036990e+00
4.061853651394129905e+00
4.015393977408592718e+00
3.979877966923138111e+00
4.151448377648878640e+00
4.218093027181773813e+00
3.935700549224867117e+00
4.186066350393304880e+00
3.875391072605279152e+00
4.292110798149216144e+00
3.526817757589390645e+00
3.905436824783052874e+00
3.952524420264523553e+00
4.039962317206255982e+00
4.115579768126801596e+00
3.736698543585085019e+00
4.119024961310321586e+00
3.997008460417956321e+00
4.349904194691002424e+00
3.795511009580691208e+00
4.026415268427775196e+00
4.159620092225728705e+00
4.326678301788501102e+00
3.426115452743606848e+00
4.269155730327493181e+00
4.093711197266141077e+00
3.898743679600670919e+00
3.991500345696612051e+00
4.002974485323817611e+00
4.358990303753539131e+00
3.985508036115051667e+00
4.074390826481483430e+00
4.062831640723724824e+00
4.042571987890405616e+00
4.090365561852520315e+00
4.173808098472188810e+00
4.019269819063665317e+00
4.081629355575189244e+00
4.107553273760515822e+00
4.063188279556938731e+00
4.544310730720199309e+00
4.149971496410087113e+00
3.776664955527305523e+00
3.826702016094241543e+00
3.803973621050635856e+00
4.043658918764655219e+00
4.170925940708986701e+00
3.801775926852722698e+00
4.029176797315316527e+00
3.785967930534294812e+00
4.003753492436784356e+00
3.865891702084829351e+00
3.854983602112422414e+00
4.348897255418691543e+00
4.213779758965986666e+00
3.867952727459642581e+00
3.780110018670747252e+00
3.912593678781546735e+00
4.059756340040787670e+00
4.118300875912023429e+00
3.930353463124378166e+00
3.647695255462137354e+00
4.096200053646240846e+00
4.025081768479852329e+00
4.118313282124634434e+00
4.013651797782531006e+00
3.685753958968096100e+00
4.202649395152705303e+00
3.708792855823916934e+00
3.735493066214998770e+00
4.092342434532506346e+00
4.298253697865781042e+00
4.009042494112907917e+00
3.990909765773944962e+00
4.216880906314127486e+00
3.943504527068162346e+00
4.016498712721007003e+00
3.980146411719189814e+00
4.058576812212008278e+00
4.108233905923443174e+00
4.224011376969805553e+00
4.242174323961877214e+00
3.948606251511665111e+00
3.828849180723821632e+00
3.816533142241417043e+00
4.059384034734570434e+00
3.867134222514234221e+00
3.972995556695659403e+00
4.060375394977871366e+00
3.792680334253370589e+00
3.847347434365842034e+00
3.731925896439153512e+00
3.692927699581043832e+00
3.874802520193767030e+00
4.312550332022827781e+00
4.419409567203940625e+00
4.106880898277658787e+00
4.246131198112408356e+00
4.125628228425072486e+00
4.241800600491496986e+00
3.963328437429776585e+00
4.272650473588241127e+00
3.842992107439776373e+00
4.092363529149372070e+00
3.962852872132190729e+00
3.869649355695370829e+00
4.069327900870149506e+00
3.928262923045007682e+00
4.007976233511109321e+00
3.617676281128423543e+00
3.918598775429952497e+00
4.078101073116290998e+00
4.181550342897107697e+00
4.051291900802424628e+00
4.095579484725309527e+00
4.105589328364449564e+00
4.094096630975966100e+00
4.154217134577863568e+00
4.200779525891046973e+00
4.090922999303820085e+00
4.074473872333569169e+00
3.895871242719192384e+00
4.080868218022294158e+00
4.098040047251126694e+00
4.081366471261783424e+00
4.162251522485997057e+00
3.931207701156812728e+00
4.305261306837881108e+00
4.002069368388524673e+00
3.941483045993389833e+00
4.239734681308748421e+00
4.330700972936745607e+00
4.462756589575275434e+00
3.981719814891396148e+00
4.144769548672055492e+00
4.174728722408898918e+00
3.854953878744257878e+00
4.076687520332244574e+00
4.037918636048803300e+00
4.424387160815189901e+00
4.090793331959586610e+00
3.970418523500103269e+00
4.102171344924854246e+00
3.905322382220996591e+00
4.095837453878285572e+00
4.400200743820192884e+00
3.774413772148611734e+00
3.886693771670759467e+00
3.833102908759833394e+00
3.881970549503531931e+00
3.770650710953916018e+00
4.079381918359348269e+00
3.992407166760725712e+00
4.110456019952773765e+00
4.045286964081252101e+00
4.184950762226671728e+00
3.796354554823220706e+00
4.004975415191939447e+00
3.845170333272813767e+00
3.891100600697111833e+00
3.683702360651606167e+00
3.908646089263527745e+00
4.326961441214770332e+00
3.846027601620730874e+00
4.221594193015761221e+00
4.468898650766056413e+00
3.892924765752044269e+00
3.857412985084228918e+00
4.249468294312437777e+00
3.764826768798338108e+00
4.145124625383500572e+00
4.042396623801013611e+00
4.162815081634406944e+00
3.915000243866505691e+00
3.998278429874334794e+00
3.961014560748089330e+00
3.692851066844180963e+00
3.655665687395751817e+00
3.921518025546235631e+00
4.190215511146442751e+00
4.192383089903931825e+00
4.340624141154856730e+00
3.820378132495021450e+00
3.762591050020836381e+00
4.473290733788086726e+00
3.667167982223698441e+00
3.840847525324621703e+00
3.985267133510900894e+00
4.042516916091575041e+00
3.924475756894384215e+00
4.260662325270522466e+00
4.015584892987567933e+00
3.714078799583173218e+00
3.828709471869183645e+00
4.065946424255982627e+00
3.696311435146748092e+00
3.864621663330552792e+00
3.922627555143152200e+00
3.974192339420588471e+00
3.940036258913298450e+00
3.924340673392963552e+00
3.940814134241219069e+00
4.080970577122453591e+00
3.712091782077565849e+00
4.092676890375757992e+00
3.803155169049184270e+00
3.844688263513130977e+00
3.946070094324937383e+00
3.805157079956099420e+00
4.072399277253221150e+00
3.872709073383519218e+00
3.992331837146113838e+00
4.182527673244338828e+00
3.727681197377783917e+00
3.909228458700001685e+00
3.989754944624833488e+00
3.960611407536156925e+00
3.839800627250097520e+00
4.147858028516510309e+00
3.568358658127850802e+00
3.978075359168931957e+00
3.963333852290012782e+00
3.689068622347281501e+00
4.347324953858096919e+00
4.311240616034428541e+00
3.957627197176662115e+00
4.019629126216813120e+00
4.218855146174735005e+00
3.898157584617622629e+00
3.907585411302266554e+00
3.688250538362237041e+00
4.310160314456263464e+00
3.941845053159164003e+00
3.994443822960044521e+00
4.495033234346948348e+00
4.027831749691630492e+00
3.728976478646388593e+00
3.816024130073203846e+00
4.283186028639047294e+00
3.719488816168824208e+00
4.226607900578849275e+00
3.752586375989190426e+00
